周日 9月 6 16:48:34 2015
周日 9月 6 16:52:50 2015
93
2 2 2 2 2 2 2 2 2 2 2 2 2 2 2 
2 2 2 2 2 2 2 2 2 2 2 2 2 2 2 
2 2 2 2 2 2 2 2 2 2 2 2 2 2 2 
2 2 2 2 2 2 2 2 2 2 2 2 2 2 2 
2 2 2 2 2 2 2 2 2 2 2 2 2 2 2 
2 2 2 2 2 2 2 2 2 2 2 2 2 2 2 
2 2 2 2 2 2 2 2 2 2 2 2 2 2 2 
2 2 2 2 2 2 2 2 2 2 2 2 2 2 2 
2 2 2 2 2 2 2 2 2 2 2 2 2 2 2 
2 2 2 2 2 2 2 2 2 2 2 2 2 2 2 
2 2 2 2 2 2 2 2 2 2 2 2 2 2 2 
2 2 2 2 2 2 2 2 2 2 2 2 2 2 2 
2 2 2 2 2 2 2 2 2 2 2 2 2 2 2 
2 2 2 2 2 2 2 2 2 2 2 2 2 2 2 
2 2 2 2 2 2 2 2 2 2 2 2 2 2 0 

2 2 2 2 2 2 2 2 2 2 2 2 2 2 2 
2 2 2 2 2 2 2 2 2 2 2 2 2 2 2 
2 2 2 2 2 2 2 2 2 2 2 2 2 2 2 
2 2 2 2 2 2 2 2 2 2 2 2 2 2 2 
2 2 2 2 2 2 2 2 2 2 2 2 2 2 2 
2 2 2 2 2 2 2 2 2 2 2 2 2 2 2 
2 2 2 2 2 2 2 2 2 2 2 2 2 2 2 
2 2 2 2 2 2 2 2 2 2 2 2 2 2 2 
2 2 2 2 2 2 2 2 2 2 2 2 2 2 2 
2 2 2 2 2 2 2 2 2 2 2 1 2 2 2 
2 2 2 2 2 2 2 2 2 2 2 2 2 2 2 
2 2 2 2 2 2 2 2 2 2 2 2 2 2 2 
2 2 2 2 2 2 2 2 2 2 2 2 2 2 2 
2 2 2 2 2 2 2 2 2 2 2 2 2 2 2 
2 2 2 2 2 2 2 2 2 2 2 2 2 2 0 

2 2 2 2 2 2 2 2 2 2 2 2 2 2 2 
2 2 2 2 2 2 2 2 2 2 2 2 2 2 2 
2 2 2 2 2 2 2 2 2 2 2 2 2 2 2 
2 2 2 2 2 2 2 2 2 2 2 2 2 2 2 
2 2 2 2 2 2 2 2 2 2 2 2 2 2 2 
2 2 2 2 2 2 2 2 2 2 2 2 2 2 2 
2 2 2 2 2 2 2 2 2 2 2 2 2 2 2 
2 2 2 2 2 2 2 2 2 2 2 2 2 2 2 
2 2 2 2 2 2 2 2 2 2 2 2 2 2 2 
2 2 2 2 2 2 2 2 2 2 2 1 2 2 2 
2 2 2 2 2 2 2 2 2 2 2 2 2 2 2 
2 2 2 2 2 2 2 2 2 2 2 2 2 2 2 
2 2 2 2 2 2 2 2 2 2 2 2 2 2 2 
2 2 2 2 2 2 2 2 2 2 2 2 2 2 0 
2 2 2 2 2 2 2 2 2 2 2 2 2 2 0 

2 2 2 2 2 2 2 2 2 2 2 2 2 2 2 
2 2 2 2 2 2 2 2 2 2 2 2 2 2 2 
2 2 2 2 2 2 2 2 2 2 2 2 2 2 2 
2 2 2 2 2 2 2 2 2 2 2 2 2 2 2 
2 2 2 2 2 2 2 2 2 2 2 2 2 2 2 
2 2 2 2 2 2 2 2 2 2 2 2 2 2 2 
2 2 2 2 2 2 2 2 2 2 2 2 2 2 2 
2 2 2 2 2 2 2 2 2 2 2 2 2 2 2 
2 2 2 2 2 2 2 2 2 2 2 2 2 2 2 
2 2 2 2 2 2 2 2 2 2 2 1 2 2 2 
2 2 2 2 2 2 2 2 2 2 2 2 2 2 2 
2 2 2 2 2 2 2 2 2 2 2 2 2 2 1 
2 2 2 2 2 2 2 2 2 2 2 2 2 2 2 
2 2 2 2 2 2 2 2 2 2 2 2 2 2 0 
2 2 2 2 2 2 2 2 2 2 2 2 2 2 0 

2 2 2 2 2 2 2 2 2 2 2 2 2 2 2 
2 2 2 2 2 2 2 2 2 2 2 2 2 2 2 
2 2 2 2 2 2 2 2 2 2 2 2 2 2 2 
2 2 2 2 2 2 2 2 2 2 2 2 2 2 2 
2 2 2 2 2 2 2 2 2 2 2 2 2 2 2 
2 2 2 2 2 2 2 2 2 2 2 2 2 2 2 
2 2 2 2 2 2 2 2 2 2 2 2 2 2 0 
2 2 2 2 2 2 2 2 2 2 2 2 2 2 2 
2 2 2 2 2 2 2 2 2 2 2 2 2 2 2 
2 2 2 2 2 2 2 2 2 2 2 1 2 2 2 
2 2 2 2 2 2 2 2 2 2 2 2 2 2 2 
2 2 2 2 2 2 2 2 2 2 2 2 2 2 1 
2 2 2 2 2 2 2 2 2 2 2 2 2 2 2 
2 2 2 2 2 2 2 2 2 2 2 2 2 2 0 
2 2 2 2 2 2 2 2 2 2 2 2 2 2 0 

2 2 2 2 2 2 2 2 2 2 2 2 2 2 2 
2 2 2 2 2 2 2 2 2 2 2 2 2 2 2 
2 2 2 2 2 2 2 2 2 2 2 2 2 2 2 
2 2 2 2 2 2 2 2 2 2 2 2 2 2 2 
2 2 2 2 2 2 2 2 2 2 2 2 2 2 2 
2 2 2 2 2 2 2 2 2 2 2 2 2 2 2 
2 2 2 2 2 2 2 2 2 2 2 2 2 2 0 
2 2 2 2 2 2 2 2 2 2 2 2 2 2 2 
2 2 2 2 2 2 2 2 2 2 2 2 2 2 2 
2 2 2 2 2 2 2 2 2 2 2 1 2 2 2 
2 2 2 2 2 2 2 2 2 2 2 2 2 2 2 
2 2 2 2 2 2 2 2 2 2 2 1 2 2 1 
2 2 2 2 2 2 2 2 2 2 2 2 2 2 2 
2 2 2 2 2 2 2 2 2 2 2 2 2 2 0 
2 2 2 2 2 2 2 2 2 2 2 2 2 2 0 

2 2 2 2 2 2 2 2 2 2 2 2 2 2 2 
2 2 2 2 2 2 2 2 2 2 2 2 2 2 2 
2 2 2 2 2 2 2 2 2 2 2 2 2 2 2 
2 2 2 2 2 2 2 2 2 2 2 2 2 2 2 
2 2 2 2 2 2 2 2 2 2 2 2 2 2 2 
2 2 2 2 2 2 2 2 2 2 2 2 2 2 2 
2 2 2 2 2 2 2 2 2 2 2 2 2 2 0 
2 2 2 2 2 2 2 2 2 2 2 2 2 2 2 
2 2 2 2 2 2 2 2 2 2 2 2 2 2 2 
2 2 2 2 2 2 2 2 2 2 2 1 2 2 2 
2 2 2 2 2 2 2 2 2 2 2 2 2 2 2 
2 2 2 2 2 2 2 2 2 2 2 1 2 2 1 
2 2 2 2 2 2 2 0 2 2 2 2 2 2 2 
2 2 2 2 2 2 2 2 2 2 2 2 2 2 0 
2 2 2 2 2 2 2 2 2 2 2 2 2 2 0 

2 2 2 2 2 2 2 2 2 2 2 2 2 2 2 
2 2 2 2 2 2 2 2 2 2 2 2 2 2 2 
2 2 2 2 2 2 2 2 2 2 2 2 2 2 2 
2 2 2 2 2 2 2 2 2 2 2 2 2 2 2 
2 2 2 2 2 2 2 2 2 2 2 2 2 2 2 
2 2 2 2 2 2 2 2 2 2 2 2 2 2 2 
2 2 2 2 2 2 2 2 2 2 2 2 2 2 0 
2 2 2 2 2 2 2 2 2 2 2 2 2 2 2 
2 2 2 2 2 2 2 2 2 2 2 2 2 2 2 
2 2 2 2 2 2 2 2 2 2 2 1 2 2 2 
2 2 2 2 2 2 2 1 2 2 2 2 2 2 2 
2 2 2 2 2 2 2 2 2 2 2 1 2 2 1 
2 2 2 2 2 2 2 0 2 2 2 2 2 2 2 
2 2 2 2 2 2 2 2 2 2 2 2 2 2 0 
2 2 2 2 2 2 2 2 2 2 2 2 2 2 0 

2 2 2 2 2 2 2 2 2 2 2 2 2 2 2 
2 2 2 2 2 2 2 2 2 2 2 2 2 2 2 
2 2 2 2 2 2 2 2 2 2 2 2 2 2 2 
2 2 2 2 2 2 2 2 2 2 2 2 2 2 2 
2 2 2 2 2 2 2 2 2 2 2 2 2 2 2 
2 2 2 2 2 2 2 2 2 2 2 2 2 2 2 
2 2 2 2 2 2 2 2 2 2 2 2 2 2 0 
2 2 2 2 2 2 2 2 2 2 2 2 2 2 2 
2 2 2 2 2 2 2 2 2 2 2 2 2 2 2 
2 2 2 2 2 2 2 2 2 2 2 1 2 2 2 
2 2 2 2 2 2 2 1 2 2 2 2 2 2 2 
2 2 2 2 2 2 2 2 2 2 2 1 2 2 1 
2 2 2 2 2 2 2 0 2 2 2 2 2 2 0 
2 2 2 2 2 2 2 2 2 2 2 2 2 2 0 
2 2 2 2 2 2 2 2 2 2 2 2 2 2 0 

2 2 2 2 2 2 2 2 2 2 2 2 2 2 2 
2 2 2 2 2 2 2 2 2 2 2 2 2 2 2 
2 2 2 2 2 2 2 2 2 2 2 2 2 2 2 
2 2 2 2 2 2 2 2 2 2 2 2 2 2 2 
2 2 2 2 2 2 2 2 2 2 2 2 2 2 2 
2 2 2 2 2 2 2 2 2 2 2 2 2 2 2 
2 2 2 2 2 2 2 2 2 2 2 2 2 2 0 
2 2 2 2 2 2 2 2 2 2 2 2 2 2 2 
2 2 2 2 2 2 2 2 2 2 2 2 2 2 2 
2 2 2 2 2 2 2 2 2 2 2 1 2 2 2 
2 2 2 2 2 2 2 1 2 2 2 2 2 2 1 
2 2 2 2 2 2 2 2 2 2 2 1 2 2 1 
2 2 2 2 2 2 2 0 2 2 2 2 2 2 0 
2 2 2 2 2 2 2 2 2 2 2 2 2 2 0 
2 2 2 2 2 2 2 2 2 2 2 2 2 2 0 

2 2 2 2 2 2 2 2 2 2 2 2 2 2 2 
2 2 2 2 2 2 2 2 2 2 2 2 2 2 2 
2 2 2 2 2 2 2 2 2 2 2 2 2 2 2 
2 2 2 2 2 2 2 2 2 2 2 2 2 2 2 
2 2 2 2 2 2 2 2 2 2 2 2 2 2 2 
2 2 2 2 2 2 2 2 2 2 2 2 2 2 2 
2 2 2 2 2 2 2 2 2 2 2 2 2 2 0 
2 2 2 2 2 2 2 2 2 2 2 2 2 2 2 
2 2 2 2 2 2 2 2 2 2 2 2 2 2 2 
2 2 2 2 2 2 2 2 2 2 2 1 2 2 0 
2 2 2 2 2 2 2 1 2 2 2 2 2 2 1 
2 2 2 2 2 2 2 2 2 2 2 1 2 2 1 
2 2 2 2 2 2 2 0 2 2 2 2 2 2 0 
2 2 2 2 2 2 2 2 2 2 2 2 2 2 0 
2 2 2 2 2 2 2 2 2 2 2 2 2 2 0 

2 2 2 2 2 2 2 2 2 2 2 2 2 2 2 
2 2 2 2 2 2 2 2 2 2 2 2 2 2 2 
2 2 2 2 2 2 2 2 2 2 2 2 2 2 2 
2 2 2 2 2 2 2 2 2 2 2 2 2 2 2 
2 2 2 2 2 2 2 2 2 2 2 2 2 2 2 
2 2 2 2 2 2 2 2 2 2 2 2 2 2 2 
2 2 2 2 2 2 2 2 2 2 2 2 2 2 0 
2 2 2 2 2 2 2 2 2 2 2 2 2 2 2 
2 2 2 2 2 2 2 2 2 2 2 2 2 2 1 
2 2 2 2 2 2 2 2 2 2 2 1 2 2 0 
2 2 2 2 2 2 2 1 2 2 2 2 2 2 1 
2 2 2 2 2 2 2 2 2 2 2 1 2 2 1 
2 2 2 2 2 2 2 0 2 2 2 2 2 2 0 
2 2 2 2 2 2 2 2 2 2 2 2 2 2 0 
2 2 2 2 2 2 2 2 2 2 2 2 2 2 0 

2 2 2 2 2 2 2 2 2 2 2 2 2 2 2 
2 2 2 2 2 2 2 2 2 2 2 2 2 2 2 
2 2 2 2 2 2 2 2 2 2 2 2 2 2 2 
2 2 2 2 2 2 2 2 2 2 2 2 2 2 2 
2 2 2 2 2 2 2 2 2 2 2 2 2 2 2 
2 2 2 2 2 2 2 2 2 2 2 2 2 2 2 
2 2 2 2 2 2 2 2 2 2 2 2 2 2 0 
2 2 2 2 2 2 2 2 2 2 2 2 2 2 2 
2 2 2 2 2 2 2 2 2 2 2 2 2 0 1 
2 2 2 2 2 2 2 2 2 2 2 1 2 2 0 
2 2 2 2 2 2 2 1 2 2 2 2 2 2 1 
2 2 2 2 2 2 2 2 2 2 2 1 2 2 1 
2 2 2 2 2 2 2 0 2 2 2 2 2 2 0 
2 2 2 2 2 2 2 2 2 2 2 2 2 2 0 
2 2 2 2 2 2 2 2 2 2 2 2 2 2 0 

2 2 2 2 2 2 2 2 2 2 2 2 2 2 2 
2 2 2 2 2 2 2 2 2 2 2 2 2 2 2 
2 2 2 2 2 2 2 2 2 2 2 2 2 2 2 
2 2 2 2 2 2 2 2 2 2 2 2 2 2 2 
2 2 2 2 2 2 2 2 2 2 2 2 2 2 2 
2 2 2 2 2 2 2 2 2 2 2 2 2 2 2 
2 2 2 2 2 2 2 2 2 2 2 2 2 2 0 
2 2 2 2 2 2 2 2 2 2 2 2 2 2 1 
2 2 2 2 2 2 2 2 2 2 2 2 2 0 1 
2 2 2 2 2 2 2 2 2 2 2 1 2 2 0 
2 2 2 2 2 2 2 1 2 2 2 2 2 2 1 
2 2 2 2 2 2 2 2 2 2 2 1 2 2 1 
2 2 2 2 2 2 2 0 2 2 2 2 2 2 0 
2 2 2 2 2 2 2 2 2 2 2 2 2 2 0 
2 2 2 2 2 2 2 2 2 2 2 2 2 2 0 

2 2 2 2 2 2 2 2 2 2 2 2 2 2 2 
2 2 2 2 2 2 2 2 2 2 2 2 2 2 2 
2 2 2 2 2 2 2 2 2 2 2 2 2 2 2 
2 2 2 2 2 2 2 2 2 2 2 2 2 2 2 
2 2 2 2 2 2 2 2 2 2 2 2 2 2 2 
2 2 2 2 2 2 2 2 2 2 2 2 2 2 2 
2 2 2 2 2 2 2 2 2 0 2 2 2 2 0 
2 2 2 2 2 2 2 2 2 2 2 2 2 2 1 
2 2 2 2 2 2 2 2 2 2 2 2 2 0 1 
2 2 2 2 2 2 2 2 2 2 2 1 2 2 0 
2 2 2 2 2 2 2 1 2 2 2 2 2 2 1 
2 2 2 2 2 2 2 2 2 2 2 1 2 2 1 
2 2 2 2 2 2 2 0 2 2 2 2 2 2 0 
2 2 2 2 2 2 2 2 2 2 2 2 2 2 0 
2 2 2 2 2 2 2 2 2 2 2 2 2 2 0 

2 2 2 2 2 2 2 2 2 2 2 2 2 2 2 
2 2 2 2 2 2 2 2 2 2 2 2 2 2 2 
2 2 2 2 2 2 2 2 2 2 2 2 2 2 2 
2 2 2 2 2 2 2 2 2 1 2 2 2 2 2 
2 2 2 2 2 2 2 2 2 2 2 2 2 2 2 
2 2 2 2 2 2 2 2 2 2 2 2 2 2 2 
2 2 2 2 2 2 2 2 2 0 2 2 2 2 0 
2 2 2 2 2 2 2 2 2 2 2 2 2 2 1 
2 2 2 2 2 2 2 2 2 2 2 2 2 0 1 
2 2 2 2 2 2 2 2 2 2 2 1 2 2 0 
2 2 2 2 2 2 2 1 2 2 2 2 2 2 1 
2 2 2 2 2 2 2 2 2 2 2 1 2 2 1 
2 2 2 2 2 2 2 0 2 2 2 2 2 2 0 
2 2 2 2 2 2 2 2 2 2 2 2 2 2 0 
2 2 2 2 2 2 2 2 2 2 2 2 2 2 0 

2 2 2 2 2 2 2 2 2 2 2 2 2 2 0 
2 2 2 2 2 2 2 2 2 2 2 2 2 2 2 
2 2 2 2 2 2 2 2 2 2 2 2 2 2 2 
2 2 2 2 2 2 2 2 2 1 2 2 2 2 2 
2 2 2 2 2 2 2 2 2 2 2 2 2 2 2 
2 2 2 2 2 2 2 2 2 2 2 2 2 2 2 
2 2 2 2 2 2 2 2 2 0 2 2 2 2 0 
2 2 2 2 2 2 2 2 2 2 2 2 2 2 1 
2 2 2 2 2 2 2 2 2 2 2 2 2 0 1 
2 2 2 2 2 2 2 2 2 2 2 1 2 2 0 
2 2 2 2 2 2 2 1 2 2 2 2 2 2 1 
2 2 2 2 2 2 2 2 2 2 2 1 2 2 1 
2 2 2 2 2 2 2 0 2 2 2 2 2 2 0 
2 2 2 2 2 2 2 2 2 2 2 2 2 2 0 
2 2 2 2 2 2 2 2 2 2 2 2 2 2 0 

2 2 2 2 2 2 2 2 2 2 2 2 2 1 0 
2 2 2 2 2 2 2 2 2 2 2 2 2 2 2 
2 2 2 2 2 2 2 2 2 2 2 2 2 2 2 
2 2 2 2 2 2 2 2 2 1 2 2 2 2 2 
2 2 2 2 2 2 2 2 2 2 2 2 2 2 2 
2 2 2 2 2 2 2 2 2 2 2 2 2 2 2 
2 2 2 2 2 2 2 2 2 0 2 2 2 2 0 
2 2 2 2 2 2 2 2 2 2 2 2 2 2 1 
2 2 2 2 2 2 2 2 2 2 2 2 2 0 1 
2 2 2 2 2 2 2 2 2 2 2 1 2 2 0 
2 2 2 2 2 2 2 1 2 2 2 2 2 2 1 
2 2 2 2 2 2 2 2 2 2 2 1 2 2 1 
2 2 2 2 2 2 2 0 2 2 2 2 2 2 0 
2 2 2 2 2 2 2 2 2 2 2 2 2 2 0 
2 2 2 2 2 2 2 2 2 2 2 2 2 2 0 

2 2 2 2 2 2 2 2 2 2 2 2 2 1 0 
2 2 2 2 2 2 2 2 2 2 2 2 2 2 0 
2 2 2 2 2 2 2 2 2 2 2 2 2 2 2 
2 2 2 2 2 2 2 2 2 1 2 2 2 2 2 
2 2 2 2 2 2 2 2 2 2 2 2 2 2 2 
2 2 2 2 2 2 2 2 2 2 2 2 2 2 2 
2 2 2 2 2 2 2 2 2 0 2 2 2 2 0 
2 2 2 2 2 2 2 2 2 2 2 2 2 2 1 
2 2 2 2 2 2 2 2 2 2 2 2 2 0 1 
2 2 2 2 2 2 2 2 2 2 2 1 2 2 0 
2 2 2 2 2 2 2 1 2 2 2 2 2 2 1 
2 2 2 2 2 2 2 2 2 2 2 1 2 2 1 
2 2 2 2 2 2 2 0 2 2 2 2 2 2 0 
2 2 2 2 2 2 2 2 2 2 2 2 2 2 0 
2 2 2 2 2 2 2 2 2 2 2 2 2 2 0 

2 2 2 2 2 2 2 2 2 2 2 2 2 1 0 
2 2 2 2 2 2 2 2 2 2 2 2 2 2 0 
2 2 2 2 2 2 2 2 2 2 2 2 2 2 1 
2 2 2 2 2 2 2 2 2 1 2 2 2 2 2 
2 2 2 2 2 2 2 2 2 2 2 2 2 2 2 
2 2 2 2 2 2 2 2 2 2 2 2 2 2 2 
2 2 2 2 2 2 2 2 2 0 2 2 2 2 0 
2 2 2 2 2 2 2 2 2 2 2 2 2 2 1 
2 2 2 2 2 2 2 2 2 2 2 2 2 0 1 
2 2 2 2 2 2 2 2 2 2 2 1 2 2 0 
2 2 2 2 2 2 2 1 2 2 2 2 2 2 1 
2 2 2 2 2 2 2 2 2 2 2 1 2 2 1 
2 2 2 2 2 2 2 0 2 2 2 2 2 2 0 
2 2 2 2 2 2 2 2 2 2 2 2 2 2 0 
2 2 2 2 2 2 2 2 2 2 2 2 2 2 0 

2 2 2 2 2 2 2 2 2 2 2 2 2 1 0 
2 2 2 2 2 2 2 2 2 2 2 2 2 2 0 
2 2 2 2 2 2 2 2 2 2 2 2 2 2 1 
2 2 2 2 2 2 2 2 2 1 2 2 2 2 0 
2 2 2 2 2 2 2 2 2 2 2 2 2 2 2 
2 2 2 2 2 2 2 2 2 2 2 2 2 2 2 
2 2 2 2 2 2 2 2 2 0 2 2 2 2 0 
2 2 2 2 2 2 2 2 2 2 2 2 2 2 1 
2 2 2 2 2 2 2 2 2 2 2 2 2 0 1 
2 2 2 2 2 2 2 2 2 2 2 1 2 2 0 
2 2 2 2 2 2 2 1 2 2 2 2 2 2 1 
2 2 2 2 2 2 2 2 2 2 2 1 2 2 1 
2 2 2 2 2 2 2 0 2 2 2 2 2 2 0 
2 2 2 2 2 2 2 2 2 2 2 2 2 2 0 
2 2 2 2 2 2 2 2 2 2 2 2 2 2 0 

2 2 2 2 2 2 2 2 2 2 2 2 2 1 0 
2 2 2 2 2 2 2 2 2 2 2 2 2 2 0 
2 2 2 2 2 2 2 2 2 2 2 2 2 2 1 
2 2 2 2 2 2 2 2 2 1 2 2 2 2 0 
2 2 2 2 2 2 2 2 2 2 2 2 2 2 1 
2 2 2 2 2 2 2 2 2 2 2 2 2 2 2 
2 2 2 2 2 2 2 2 2 0 2 2 2 2 0 
2 2 2 2 2 2 2 2 2 2 2 2 2 2 1 
2 2 2 2 2 2 2 2 2 2 2 2 2 0 1 
2 2 2 2 2 2 2 2 2 2 2 1 2 2 0 
2 2 2 2 2 2 2 1 2 2 2 2 2 2 1 
2 2 2 2 2 2 2 2 2 2 2 1 2 2 1 
2 2 2 2 2 2 2 0 2 2 2 2 2 2 0 
2 2 2 2 2 2 2 2 2 2 2 2 2 2 0 
2 2 2 2 2 2 2 2 2 2 2 2 2 2 0 

2 2 2 2 2 2 2 2 2 2 2 2 2 1 0 
2 2 2 2 2 2 2 2 2 2 2 2 2 2 0 
2 2 2 2 2 2 2 2 2 2 2 2 2 2 1 
2 2 2 2 2 2 2 2 2 1 2 2 2 2 0 
2 2 2 2 2 2 2 2 2 2 2 2 2 2 1 
2 2 2 2 2 2 2 2 2 2 2 2 2 2 0 
2 2 2 2 2 2 2 2 2 0 2 2 2 2 0 
2 2 2 2 2 2 2 2 2 2 2 2 2 2 1 
2 2 2 2 2 2 2 2 2 2 2 2 2 0 1 
2 2 2 2 2 2 2 2 2 2 2 1 2 2 0 
2 2 2 2 2 2 2 1 2 2 2 2 2 2 1 
2 2 2 2 2 2 2 2 2 2 2 1 2 2 1 
2 2 2 2 2 2 2 0 2 2 2 2 2 2 0 
2 2 2 2 2 2 2 2 2 2 2 2 2 2 0 
2 2 2 2 2 2 2 2 2 2 2 2 2 2 0 

2 2 2 2 2 2 2 2 2 2 2 2 1 1 0 
2 2 2 2 2 2 2 2 2 2 2 2 2 2 0 
2 2 2 2 2 2 2 2 2 2 2 2 2 2 1 
2 2 2 2 2 2 2 2 2 1 2 2 2 2 0 
2 2 2 2 2 2 2 2 2 2 2 2 2 2 1 
2 2 2 2 2 2 2 2 2 2 2 2 2 2 0 
2 2 2 2 2 2 2 2 2 0 2 2 2 2 0 
2 2 2 2 2 2 2 2 2 2 2 2 2 2 1 
2 2 2 2 2 2 2 2 2 2 2 2 2 0 1 
2 2 2 2 2 2 2 2 2 2 2 1 2 2 0 
2 2 2 2 2 2 2 1 2 2 2 2 2 2 1 
2 2 2 2 2 2 2 2 2 2 2 1 2 2 1 
2 2 2 2 2 2 2 0 2 2 2 2 2 2 0 
2 2 2 2 2 2 2 2 2 2 2 2 2 2 0 
2 2 2 2 2 2 2 2 2 2 2 2 2 2 0 

2 2 2 2 2 2 2 2 2 2 2 2 1 1 0 
2 2 2 2 2 2 2 2 2 2 2 2 2 0 0 
2 2 2 2 2 2 2 2 2 2 2 2 2 2 1 
2 2 2 2 2 2 2 2 2 1 2 2 2 2 0 
2 2 2 2 2 2 2 2 2 2 2 2 2 2 1 
2 2 2 2 2 2 2 2 2 2 2 2 2 2 0 
2 2 2 2 2 2 2 2 2 0 2 2 2 2 0 
2 2 2 2 2 2 2 2 2 2 2 2 2 2 1 
2 2 2 2 2 2 2 2 2 2 2 2 2 0 1 
2 2 2 2 2 2 2 2 2 2 2 1 2 2 0 
2 2 2 2 2 2 2 1 2 2 2 2 2 2 1 
2 2 2 2 2 2 2 2 2 2 2 1 2 2 1 
2 2 2 2 2 2 2 0 2 2 2 2 2 2 0 
2 2 2 2 2 2 2 2 2 2 2 2 2 2 0 
2 2 2 2 2 2 2 2 2 2 2 2 2 2 0 

2 2 2 2 2 2 2 2 2 2 2 1 1 1 0 
2 2 2 2 2 2 2 2 2 2 2 2 2 0 0 
2 2 2 2 2 2 2 2 2 2 2 2 2 2 1 
2 2 2 2 2 2 2 2 2 1 2 2 2 2 0 
2 2 2 2 2 2 2 2 2 2 2 2 2 2 1 
2 2 2 2 2 2 2 2 2 2 2 2 2 2 0 
2 2 2 2 2 2 2 2 2 0 2 2 2 2 0 
2 2 2 2 2 2 2 2 2 2 2 2 2 2 1 
2 2 2 2 2 2 2 2 2 2 2 2 2 0 1 
2 2 2 2 2 2 2 2 2 2 2 1 2 2 0 
2 2 2 2 2 2 2 1 2 2 2 2 2 2 1 
2 2 2 2 2 2 2 2 2 2 2 1 2 2 1 
2 2 2 2 2 2 2 0 2 2 2 2 2 2 0 
2 2 2 2 2 2 2 2 2 2 2 2 2 2 0 
2 2 2 2 2 2 2 2 2 2 2 2 2 2 0 

2 2 2 2 2 2 2 2 2 2 2 1 1 1 0 
2 2 2 2 2 2 2 2 2 2 2 2 0 0 0 
2 2 2 2 2 2 2 2 2 2 2 2 2 2 1 
2 2 2 2 2 2 2 2 2 1 2 2 2 2 0 
2 2 2 2 2 2 2 2 2 2 2 2 2 2 1 
2 2 2 2 2 2 2 2 2 2 2 2 2 2 0 
2 2 2 2 2 2 2 2 2 0 2 2 2 2 0 
2 2 2 2 2 2 2 2 2 2 2 2 2 2 1 
2 2 2 2 2 2 2 2 2 2 2 2 2 0 1 
2 2 2 2 2 2 2 2 2 2 2 1 2 2 0 
2 2 2 2 2 2 2 1 2 2 2 2 2 2 1 
2 2 2 2 2 2 2 2 2 2 2 1 2 2 1 
2 2 2 2 2 2 2 0 2 2 2 2 2 2 0 
2 2 2 2 2 2 2 2 2 2 2 2 2 2 0 
2 2 2 2 2 2 2 2 2 2 2 2 2 2 0 

2 2 2 2 2 2 2 2 2 2 1 1 1 1 0 
2 2 2 2 2 2 2 2 2 2 2 2 0 0 0 
2 2 2 2 2 2 2 2 2 2 2 2 2 2 1 
2 2 2 2 2 2 2 2 2 1 2 2 2 2 0 
2 2 2 2 2 2 2 2 2 2 2 2 2 2 1 
2 2 2 2 2 2 2 2 2 2 2 2 2 2 0 
2 2 2 2 2 2 2 2 2 0 2 2 2 2 0 
2 2 2 2 2 2 2 2 2 2 2 2 2 2 1 
2 2 2 2 2 2 2 2 2 2 2 2 2 0 1 
2 2 2 2 2 2 2 2 2 2 2 1 2 2 0 
2 2 2 2 2 2 2 1 2 2 2 2 2 2 1 
2 2 2 2 2 2 2 2 2 2 2 1 2 2 1 
2 2 2 2 2 2 2 0 2 2 2 2 2 2 0 
2 2 2 2 2 2 2 2 2 2 2 2 2 2 0 
2 2 2 2 2 2 2 2 2 2 2 2 2 2 0 

2 2 2 2 2 2 2 2 2 0 1 1 1 1 0 
2 2 2 2 2 2 2 2 2 2 2 2 0 0 0 
2 2 2 2 2 2 2 2 2 2 2 2 2 2 1 
2 2 2 2 2 2 2 2 2 1 2 2 2 2 0 
2 2 2 2 2 2 2 2 2 2 2 2 2 2 1 
2 2 2 2 2 2 2 2 2 2 2 2 2 2 0 
2 2 2 2 2 2 2 2 2 0 2 2 2 2 0 
2 2 2 2 2 2 2 2 2 2 2 2 2 2 1 
2 2 2 2 2 2 2 2 2 2 2 2 2 0 1 
2 2 2 2 2 2 2 2 2 2 2 1 2 2 0 
2 2 2 2 2 2 2 1 2 2 2 2 2 2 1 
2 2 2 2 2 2 2 2 2 2 2 1 2 2 1 
2 2 2 2 2 2 2 0 2 2 2 2 2 2 0 
2 2 2 2 2 2 2 2 2 2 2 2 2 2 0 
2 2 2 2 2 2 2 2 2 2 2 2 2 2 0 

2 2 2 2 2 2 2 2 2 0 1 1 1 1 0 
2 2 2 2 2 2 2 2 2 2 1 2 0 0 0 
2 2 2 2 2 2 2 2 2 2 2 2 2 2 1 
2 2 2 2 2 2 2 2 2 1 2 2 2 2 0 
2 2 2 2 2 2 2 2 2 2 2 2 2 2 1 
2 2 2 2 2 2 2 2 2 2 2 2 2 2 0 
2 2 2 2 2 2 2 2 2 0 2 2 2 2 0 
2 2 2 2 2 2 2 2 2 2 2 2 2 2 1 
2 2 2 2 2 2 2 2 2 2 2 2 2 0 1 
2 2 2 2 2 2 2 2 2 2 2 1 2 2 0 
2 2 2 2 2 2 2 1 2 2 2 2 2 2 1 
2 2 2 2 2 2 2 2 2 2 2 1 2 2 1 
2 2 2 2 2 2 2 0 2 2 2 2 2 2 0 
2 2 2 2 2 2 2 2 2 2 2 2 2 2 0 
2 2 2 2 2 2 2 2 2 2 2 2 2 2 0 

2 2 2 2 2 2 2 2 2 0 1 1 1 1 0 
2 2 2 2 2 2 2 2 2 2 1 0 0 0 0 
2 2 2 2 2 2 2 2 2 2 2 2 2 2 1 
2 2 2 2 2 2 2 2 2 1 2 2 2 2 0 
2 2 2 2 2 2 2 2 2 2 2 2 2 2 1 
2 2 2 2 2 2 2 2 2 2 2 2 2 2 0 
2 2 2 2 2 2 2 2 2 0 2 2 2 2 0 
2 2 2 2 2 2 2 2 2 2 2 2 2 2 1 
2 2 2 2 2 2 2 2 2 2 2 2 2 0 1 
2 2 2 2 2 2 2 2 2 2 2 1 2 2 0 
2 2 2 2 2 2 2 1 2 2 2 2 2 2 1 
2 2 2 2 2 2 2 2 2 2 2 1 2 2 1 
2 2 2 2 2 2 2 0 2 2 2 2 2 2 0 
2 2 2 2 2 2 2 2 2 2 2 2 2 2 0 
2 2 2 2 2 2 2 2 2 2 2 2 2 2 0 

2 2 2 2 2 2 2 2 2 0 1 1 1 1 0 
2 2 2 2 2 2 2 2 2 2 1 0 0 0 0 
2 2 2 2 2 2 2 2 2 2 2 2 2 1 1 
2 2 2 2 2 2 2 2 2 1 2 2 2 2 0 
2 2 2 2 2 2 2 2 2 2 2 2 2 2 1 
2 2 2 2 2 2 2 2 2 2 2 2 2 2 0 
2 2 2 2 2 2 2 2 2 0 2 2 2 2 0 
2 2 2 2 2 2 2 2 2 2 2 2 2 2 1 
2 2 2 2 2 2 2 2 2 2 2 2 2 0 1 
2 2 2 2 2 2 2 2 2 2 2 1 2 2 0 
2 2 2 2 2 2 2 1 2 2 2 2 2 2 1 
2 2 2 2 2 2 2 2 2 2 2 1 2 2 1 
2 2 2 2 2 2 2 0 2 2 2 2 2 2 0 
2 2 2 2 2 2 2 2 2 2 2 2 2 2 0 
2 2 2 2 2 2 2 2 2 2 2 2 2 2 0 

2 2 2 2 2 2 2 2 2 0 1 1 1 1 0 
2 2 2 2 2 2 2 2 2 2 1 0 0 0 0 
2 2 2 2 2 2 2 2 2 2 2 2 0 1 1 
2 2 2 2 2 2 2 2 2 1 2 2 2 2 0 
2 2 2 2 2 2 2 2 2 2 2 2 2 2 1 
2 2 2 2 2 2 2 2 2 2 2 2 2 2 0 
2 2 2 2 2 2 2 2 2 0 2 2 2 2 0 
2 2 2 2 2 2 2 2 2 2 2 2 2 2 1 
2 2 2 2 2 2 2 2 2 2 2 2 2 0 1 
2 2 2 2 2 2 2 2 2 2 2 1 2 2 0 
2 2 2 2 2 2 2 1 2 2 2 2 2 2 1 
2 2 2 2 2 2 2 2 2 2 2 1 2 2 1 
2 2 2 2 2 2 2 0 2 2 2 2 2 2 0 
2 2 2 2 2 2 2 2 2 2 2 2 2 2 0 
2 2 2 2 2 2 2 2 2 2 2 2 2 2 0 

2 2 2 2 2 2 2 2 2 0 1 1 1 1 0 
2 2 2 2 2 2 2 2 2 2 1 0 0 0 0 
2 2 2 2 2 2 2 2 2 2 2 1 0 1 1 
2 2 2 2 2 2 2 2 2 1 2 2 2 2 0 
2 2 2 2 2 2 2 2 2 2 2 2 2 2 1 
2 2 2 2 2 2 2 2 2 2 2 2 2 2 0 
2 2 2 2 2 2 2 2 2 0 2 2 2 2 0 
2 2 2 2 2 2 2 2 2 2 2 2 2 2 1 
2 2 2 2 2 2 2 2 2 2 2 2 2 0 1 
2 2 2 2 2 2 2 2 2 2 2 1 2 2 0 
2 2 2 2 2 2 2 1 2 2 2 2 2 2 1 
2 2 2 2 2 2 2 2 2 2 2 1 2 2 1 
2 2 2 2 2 2 2 0 2 2 2 2 2 2 0 
2 2 2 2 2 2 2 2 2 2 2 2 2 2 0 
2 2 2 2 2 2 2 2 2 2 2 2 2 2 0 

2 2 2 2 2 2 2 2 2 0 1 1 1 1 0 
2 2 2 2 2 2 2 2 2 2 1 0 0 0 0 
2 2 2 2 2 2 2 2 2 2 2 1 0 1 1 
2 2 2 2 2 2 2 2 2 1 2 2 2 0 0 
2 2 2 2 2 2 2 2 2 2 2 2 2 2 1 
2 2 2 2 2 2 2 2 2 2 2 2 2 2 0 
2 2 2 2 2 2 2 2 2 0 2 2 2 2 0 
2 2 2 2 2 2 2 2 2 2 2 2 2 2 1 
2 2 2 2 2 2 2 2 2 2 2 2 2 0 1 
2 2 2 2 2 2 2 2 2 2 2 1 2 2 0 
2 2 2 2 2 2 2 1 2 2 2 2 2 2 1 
2 2 2 2 2 2 2 2 2 2 2 1 2 2 1 
2 2 2 2 2 2 2 0 2 2 2 2 2 2 0 
2 2 2 2 2 2 2 2 2 2 2 2 2 2 0 
2 2 2 2 2 2 2 2 2 2 2 2 2 2 0 

2 2 2 2 2 2 2 2 2 0 1 1 1 1 0 
2 2 2 2 2 2 2 2 2 1 1 0 0 0 0 
2 2 2 2 2 2 2 2 2 2 2 1 0 1 1 
2 2 2 2 2 2 2 2 2 1 2 2 2 0 0 
2 2 2 2 2 2 2 2 2 2 2 2 2 2 1 
2 2 2 2 2 2 2 2 2 2 2 2 2 2 0 
2 2 2 2 2 2 2 2 2 0 2 2 2 2 0 
2 2 2 2 2 2 2 2 2 2 2 2 2 2 1 
2 2 2 2 2 2 2 2 2 2 2 2 2 0 1 
2 2 2 2 2 2 2 2 2 2 2 1 2 2 0 
2 2 2 2 2 2 2 1 2 2 2 2 2 2 1 
2 2 2 2 2 2 2 2 2 2 2 1 2 2 1 
2 2 2 2 2 2 2 0 2 2 2 2 2 2 0 
2 2 2 2 2 2 2 2 2 2 2 2 2 2 0 
2 2 2 2 2 2 2 2 2 2 2 2 2 2 0 

2 2 2 2 2 2 2 2 2 0 1 1 1 1 0 
2 2 2 2 2 2 2 2 0 1 1 0 0 0 0 
2 2 2 2 2 2 2 2 2 2 2 1 0 1 1 
2 2 2 2 2 2 2 2 2 1 2 2 2 0 0 
2 2 2 2 2 2 2 2 2 2 2 2 2 2 1 
2 2 2 2 2 2 2 2 2 2 2 2 2 2 0 
2 2 2 2 2 2 2 2 2 0 2 2 2 2 0 
2 2 2 2 2 2 2 2 2 2 2 2 2 2 1 
2 2 2 2 2 2 2 2 2 2 2 2 2 0 1 
2 2 2 2 2 2 2 2 2 2 2 1 2 2 0 
2 2 2 2 2 2 2 1 2 2 2 2 2 2 1 
2 2 2 2 2 2 2 2 2 2 2 1 2 2 1 
2 2 2 2 2 2 2 0 2 2 2 2 2 2 0 
2 2 2 2 2 2 2 2 2 2 2 2 2 2 0 
2 2 2 2 2 2 2 2 2 2 2 2 2 2 0 

2 2 2 2 2 2 2 1 2 0 1 1 1 1 0 
2 2 2 2 2 2 2 2 0 1 1 0 0 0 0 
2 2 2 2 2 2 2 2 2 2 2 1 0 1 1 
2 2 2 2 2 2 2 2 2 1 2 2 2 0 0 
2 2 2 2 2 2 2 2 2 2 2 2 2 2 1 
2 2 2 2 2 2 2 2 2 2 2 2 2 2 0 
2 2 2 2 2 2 2 2 2 0 2 2 2 2 0 
2 2 2 2 2 2 2 2 2 2 2 2 2 2 1 
2 2 2 2 2 2 2 2 2 2 2 2 2 0 1 
2 2 2 2 2 2 2 2 2 2 2 1 2 2 0 
2 2 2 2 2 2 2 1 2 2 2 2 2 2 1 
2 2 2 2 2 2 2 2 2 2 2 1 2 2 1 
2 2 2 2 2 2 2 0 2 2 2 2 2 2 0 
2 2 2 2 2 2 2 2 2 2 2 2 2 2 0 
2 2 2 2 2 2 2 2 2 2 2 2 2 2 0 

2 2 2 2 2 2 2 1 0 0 1 1 1 1 0 
2 2 2 2 2 2 2 2 0 1 1 0 0 0 0 
2 2 2 2 2 2 2 2 2 2 2 1 0 1 1 
2 2 2 2 2 2 2 2 2 1 2 2 2 0 0 
2 2 2 2 2 2 2 2 2 2 2 2 2 2 1 
2 2 2 2 2 2 2 2 2 2 2 2 2 2 0 
2 2 2 2 2 2 2 2 2 0 2 2 2 2 0 
2 2 2 2 2 2 2 2 2 2 2 2 2 2 1 
2 2 2 2 2 2 2 2 2 2 2 2 2 0 1 
2 2 2 2 2 2 2 2 2 2 2 1 2 2 0 
2 2 2 2 2 2 2 1 2 2 2 2 2 2 1 
2 2 2 2 2 2 2 2 2 2 2 1 2 2 1 
2 2 2 2 2 2 2 0 2 2 2 2 2 2 0 
2 2 2 2 2 2 2 2 2 2 2 2 2 2 0 
2 2 2 2 2 2 2 2 2 2 2 2 2 2 0 

2 2 2 2 2 2 1 1 0 0 1 1 1 1 0 
2 2 2 2 2 2 2 2 0 1 1 0 0 0 0 
2 2 2 2 2 2 2 2 2 2 2 1 0 1 1 
2 2 2 2 2 2 2 2 2 1 2 2 2 0 0 
2 2 2 2 2 2 2 2 2 2 2 2 2 2 1 
2 2 2 2 2 2 2 2 2 2 2 2 2 2 0 
2 2 2 2 2 2 2 2 2 0 2 2 2 2 0 
2 2 2 2 2 2 2 2 2 2 2 2 2 2 1 
2 2 2 2 2 2 2 2 2 2 2 2 2 0 1 
2 2 2 2 2 2 2 2 2 2 2 1 2 2 0 
2 2 2 2 2 2 2 1 2 2 2 2 2 2 1 
2 2 2 2 2 2 2 2 2 2 2 1 2 2 1 
2 2 2 2 2 2 2 0 2 2 2 2 2 2 0 
2 2 2 2 2 2 2 2 2 2 2 2 2 2 0 
2 2 2 2 2 2 2 2 2 2 2 2 2 2 0 

2 2 2 2 2 2 1 1 0 0 1 1 1 1 0 
2 2 2 2 2 2 2 0 0 1 1 0 0 0 0 
2 2 2 2 2 2 2 2 2 2 2 1 0 1 1 
2 2 2 2 2 2 2 2 2 1 2 2 2 0 0 
2 2 2 2 2 2 2 2 2 2 2 2 2 2 1 
2 2 2 2 2 2 2 2 2 2 2 2 2 2 0 
2 2 2 2 2 2 2 2 2 0 2 2 2 2 0 
2 2 2 2 2 2 2 2 2 2 2 2 2 2 1 
2 2 2 2 2 2 2 2 2 2 2 2 2 0 1 
2 2 2 2 2 2 2 2 2 2 2 1 2 2 0 
2 2 2 2 2 2 2 1 2 2 2 2 2 2 1 
2 2 2 2 2 2 2 2 2 2 2 1 2 2 1 
2 2 2 2 2 2 2 0 2 2 2 2 2 2 0 
2 2 2 2 2 2 2 2 2 2 2 2 2 2 0 
2 2 2 2 2 2 2 2 2 2 2 2 2 2 0 

2 2 2 2 2 1 1 1 0 0 1 1 1 1 0 
2 2 2 2 2 2 2 0 0 1 1 0 0 0 0 
2 2 2 2 2 2 2 2 2 2 2 1 0 1 1 
2 2 2 2 2 2 2 2 2 1 2 2 2 0 0 
2 2 2 2 2 2 2 2 2 2 2 2 2 2 1 
2 2 2 2 2 2 2 2 2 2 2 2 2 2 0 
2 2 2 2 2 2 2 2 2 0 2 2 2 2 0 
2 2 2 2 2 2 2 2 2 2 2 2 2 2 1 
2 2 2 2 2 2 2 2 2 2 2 2 2 0 1 
2 2 2 2 2 2 2 2 2 2 2 1 2 2 0 
2 2 2 2 2 2 2 1 2 2 2 2 2 2 1 
2 2 2 2 2 2 2 2 2 2 2 1 2 2 1 
2 2 2 2 2 2 2 0 2 2 2 2 2 2 0 
2 2 2 2 2 2 2 2 2 2 2 2 2 2 0 
2 2 2 2 2 2 2 2 2 2 2 2 2 2 0 

2 2 2 2 0 1 1 1 0 0 1 1 1 1 0 
2 2 2 2 2 2 2 0 0 1 1 0 0 0 0 
2 2 2 2 2 2 2 2 2 2 2 1 0 1 1 
2 2 2 2 2 2 2 2 2 1 2 2 2 0 0 
2 2 2 2 2 2 2 2 2 2 2 2 2 2 1 
2 2 2 2 2 2 2 2 2 2 2 2 2 2 0 
2 2 2 2 2 2 2 2 2 0 2 2 2 2 0 
2 2 2 2 2 2 2 2 2 2 2 2 2 2 1 
2 2 2 2 2 2 2 2 2 2 2 2 2 0 1 
2 2 2 2 2 2 2 2 2 2 2 1 2 2 0 
2 2 2 2 2 2 2 1 2 2 2 2 2 2 1 
2 2 2 2 2 2 2 2 2 2 2 1 2 2 1 
2 2 2 2 2 2 2 0 2 2 2 2 2 2 0 
2 2 2 2 2 2 2 2 2 2 2 2 2 2 0 
2 2 2 2 2 2 2 2 2 2 2 2 2 2 0 

2 2 2 2 0 1 1 1 0 0 1 1 1 1 0 
2 2 2 2 1 2 2 0 0 1 1 0 0 0 0 
2 2 2 2 2 2 2 2 2 2 2 1 0 1 1 
2 2 2 2 2 2 2 2 2 1 2 2 2 0 0 
2 2 2 2 2 2 2 2 2 2 2 2 2 2 1 
2 2 2 2 2 2 2 2 2 2 2 2 2 2 0 
2 2 2 2 2 2 2 2 2 0 2 2 2 2 0 
2 2 2 2 2 2 2 2 2 2 2 2 2 2 1 
2 2 2 2 2 2 2 2 2 2 2 2 2 0 1 
2 2 2 2 2 2 2 2 2 2 2 1 2 2 0 
2 2 2 2 2 2 2 1 2 2 2 2 2 2 1 
2 2 2 2 2 2 2 2 2 2 2 1 2 2 1 
2 2 2 2 2 2 2 0 2 2 2 2 2 2 0 
2 2 2 2 2 2 2 2 2 2 2 2 2 2 0 
2 2 2 2 2 2 2 2 2 2 2 2 2 2 0 

2 2 2 2 0 1 1 1 0 0 1 1 1 1 0 
2 2 2 2 1 2 2 0 0 1 1 0 0 0 0 
2 2 2 2 2 2 0 2 2 2 2 1 0 1 1 
2 2 2 2 2 2 2 2 2 1 2 2 2 0 0 
2 2 2 2 2 2 2 2 2 2 2 2 2 2 1 
2 2 2 2 2 2 2 2 2 2 2 2 2 2 0 
2 2 2 2 2 2 2 2 2 0 2 2 2 2 0 
2 2 2 2 2 2 2 2 2 2 2 2 2 2 1 
2 2 2 2 2 2 2 2 2 2 2 2 2 0 1 
2 2 2 2 2 2 2 2 2 2 2 1 2 2 0 
2 2 2 2 2 2 2 1 2 2 2 2 2 2 1 
2 2 2 2 2 2 2 2 2 2 2 1 2 2 1 
2 2 2 2 2 2 2 0 2 2 2 2 2 2 0 
2 2 2 2 2 2 2 2 2 2 2 2 2 2 0 
2 2 2 2 2 2 2 2 2 2 2 2 2 2 0 

2 2 2 2 0 1 1 1 0 0 1 1 1 1 0 
2 2 2 2 1 2 2 0 0 1 1 0 0 0 0 
2 2 2 2 2 2 0 2 2 2 2 1 0 1 1 
2 2 2 2 2 2 2 2 2 1 2 2 2 0 0 
2 2 2 2 2 2 2 2 2 2 2 2 2 2 1 
2 2 2 2 2 2 2 2 2 2 2 2 2 2 0 
2 2 2 2 2 2 2 2 2 0 2 2 2 2 0 
2 2 2 2 2 2 1 2 2 2 2 2 2 2 1 
2 2 2 2 2 2 2 2 2 2 2 2 2 0 1 
2 2 2 2 2 2 2 2 2 2 2 1 2 2 0 
2 2 2 2 2 2 2 1 2 2 2 2 2 2 1 
2 2 2 2 2 2 2 2 2 2 2 1 2 2 1 
2 2 2 2 2 2 2 0 2 2 2 2 2 2 0 
2 2 2 2 2 2 2 2 2 2 2 2 2 2 0 
2 2 2 2 2 2 2 2 2 2 2 2 2 2 0 

2 2 2 2 0 1 1 1 0 0 1 1 1 1 0 
2 2 2 2 1 2 2 0 0 1 1 0 0 0 0 
2 2 2 2 2 2 0 2 2 2 2 1 0 1 1 
2 2 2 2 2 2 2 2 2 1 2 2 2 0 0 
2 2 2 2 2 2 2 2 2 2 2 2 2 2 1 
2 2 2 2 2 2 2 2 2 2 2 2 2 2 0 
2 2 2 2 2 2 2 2 2 0 2 2 2 2 0 
2 2 2 2 2 2 1 2 2 2 2 2 2 2 1 
2 2 2 2 2 2 2 0 2 2 2 2 2 0 1 
2 2 2 2 2 2 2 2 2 2 2 1 2 2 0 
2 2 2 2 2 2 2 1 2 2 2 2 2 2 1 
2 2 2 2 2 2 2 2 2 2 2 1 2 2 1 
2 2 2 2 2 2 2 0 2 2 2 2 2 2 0 
2 2 2 2 2 2 2 2 2 2 2 2 2 2 0 
2 2 2 2 2 2 2 2 2 2 2 2 2 2 0 

2 2 2 2 0 1 1 1 0 0 1 1 1 1 0 
2 2 2 2 1 2 2 0 0 1 1 0 0 0 0 
2 2 2 2 2 2 0 2 2 2 2 1 0 1 1 
2 2 2 2 2 2 2 2 2 1 2 2 2 0 0 
2 2 2 2 2 2 2 2 2 2 2 2 2 2 1 
2 2 2 2 2 2 2 2 2 2 2 2 2 2 0 
2 2 2 2 2 1 2 2 2 0 2 2 2 2 0 
2 2 2 2 2 2 1 2 2 2 2 2 2 2 1 
2 2 2 2 2 2 2 0 2 2 2 2 2 0 1 
2 2 2 2 2 2 2 2 2 2 2 1 2 2 0 
2 2 2 2 2 2 2 1 2 2 2 2 2 2 1 
2 2 2 2 2 2 2 2 2 2 2 1 2 2 1 
2 2 2 2 2 2 2 0 2 2 2 2 2 2 0 
2 2 2 2 2 2 2 2 2 2 2 2 2 2 0 
2 2 2 2 2 2 2 2 2 2 2 2 2 2 0 

2 2 2 2 0 1 1 1 0 0 1 1 1 1 0 
2 2 2 2 1 2 2 0 0 1 1 0 0 0 0 
2 2 2 2 2 2 0 2 2 2 2 1 0 1 1 
2 2 2 2 2 2 2 2 2 1 2 2 2 0 0 
2 2 2 2 2 2 2 2 2 2 2 2 2 2 1 
2 2 2 2 2 2 2 2 2 2 2 2 2 2 0 
2 2 2 2 2 1 2 2 2 0 2 2 2 2 0 
2 2 2 2 2 2 1 2 2 2 2 2 2 2 1 
2 2 2 2 2 0 2 0 2 2 2 2 2 0 1 
2 2 2 2 2 2 2 2 2 2 2 1 2 2 0 
2 2 2 2 2 2 2 1 2 2 2 2 2 2 1 
2 2 2 2 2 2 2 2 2 2 2 1 2 2 1 
2 2 2 2 2 2 2 0 2 2 2 2 2 2 0 
2 2 2 2 2 2 2 2 2 2 2 2 2 2 0 
2 2 2 2 2 2 2 2 2 2 2 2 2 2 0 

2 2 2 2 0 1 1 1 0 0 1 1 1 1 0 
2 2 2 2 1 2 2 0 0 1 1 0 0 0 0 
2 2 2 2 2 2 0 2 2 2 2 1 0 1 1 
2 2 2 2 2 2 2 2 2 1 2 2 2 0 0 
2 2 2 2 2 2 2 2 2 2 2 2 2 2 1 
2 2 2 2 2 2 2 2 2 2 2 2 2 2 0 
2 2 2 2 2 1 2 2 2 0 2 2 2 2 0 
2 2 2 2 1 2 1 2 2 2 2 2 2 2 1 
2 2 2 2 2 0 2 0 2 2 2 2 2 0 1 
2 2 2 2 2 2 2 2 2 2 2 1 2 2 0 
2 2 2 2 2 2 2 1 2 2 2 2 2 2 1 
2 2 2 2 2 2 2 2 2 2 2 1 2 2 1 
2 2 2 2 2 2 2 0 2 2 2 2 2 2 0 
2 2 2 2 2 2 2 2 2 2 2 2 2 2 0 
2 2 2 2 2 2 2 2 2 2 2 2 2 2 0 

2 2 2 2 0 1 1 1 0 0 1 1 1 1 0 
2 2 2 2 1 2 2 0 0 1 1 0 0 0 0 
2 2 2 2 2 2 0 2 2 2 2 1 0 1 1 
2 2 2 2 2 2 2 2 2 1 2 2 2 0 0 
2 2 2 2 2 2 2 2 2 2 2 2 2 2 1 
2 2 2 2 2 2 2 2 2 2 2 2 2 2 0 
2 2 2 2 2 1 2 2 2 0 2 2 2 2 0 
2 2 2 2 1 2 1 2 2 2 2 2 2 2 1 
2 2 2 2 2 0 2 0 2 2 2 2 2 0 1 
2 2 2 2 2 2 2 2 2 2 2 1 2 2 0 
2 2 2 2 2 2 2 1 2 2 2 2 2 2 1 
2 2 2 2 2 2 2 2 2 2 2 1 2 2 1 
2 2 2 2 2 2 0 0 2 2 2 2 2 2 0 
2 2 2 2 2 2 2 2 2 2 2 2 2 2 0 
2 2 2 2 2 2 2 2 2 2 2 2 2 2 0 

2 2 2 2 0 1 1 1 0 0 1 1 1 1 0 
2 2 2 2 1 2 2 0 0 1 1 0 0 0 0 
2 2 2 2 2 2 0 2 2 2 2 1 0 1 1 
2 2 2 2 2 2 2 2 2 1 2 2 2 0 0 
2 2 2 2 1 2 2 2 2 2 2 2 2 2 1 
2 2 2 2 2 2 2 2 2 2 2 2 2 2 0 
2 2 2 2 2 1 2 2 2 0 2 2 2 2 0 
2 2 2 2 1 2 1 2 2 2 2 2 2 2 1 
2 2 2 2 2 0 2 0 2 2 2 2 2 0 1 
2 2 2 2 2 2 2 2 2 2 2 1 2 2 0 
2 2 2 2 2 2 2 1 2 2 2 2 2 2 1 
2 2 2 2 2 2 2 2 2 2 2 1 2 2 1 
2 2 2 2 2 2 0 0 2 2 2 2 2 2 0 
2 2 2 2 2 2 2 2 2 2 2 2 2 2 0 
2 2 2 2 2 2 2 2 2 2 2 2 2 2 0 

2 2 2 2 0 1 1 1 0 0 1 1 1 1 0 
2 2 2 2 1 2 2 0 0 1 1 0 0 0 0 
2 2 2 2 2 2 0 2 2 2 2 1 0 1 1 
2 2 2 2 2 2 2 2 2 1 2 2 2 0 0 
2 2 2 2 1 2 2 2 2 2 2 2 2 2 1 
2 2 2 2 2 2 2 2 2 2 2 2 2 2 0 
2 2 2 2 2 1 2 2 2 0 2 2 2 2 0 
2 2 2 2 1 2 1 2 2 2 2 2 2 2 1 
2 2 2 2 2 0 2 0 2 2 2 2 2 0 1 
2 2 2 2 2 2 2 2 2 2 2 1 2 2 0 
2 2 2 2 2 2 2 1 2 0 2 2 2 2 1 
2 2 2 2 2 2 2 2 2 2 2 1 2 2 1 
2 2 2 2 2 2 0 0 2 2 2 2 2 2 0 
2 2 2 2 2 2 2 2 2 2 2 2 2 2 0 
2 2 2 2 2 2 2 2 2 2 2 2 2 2 0 

2 2 2 2 0 1 1 1 0 0 1 1 1 1 0 
2 2 2 2 1 2 2 0 0 1 1 0 0 0 0 
2 2 2 2 2 2 0 2 2 2 2 1 0 1 1 
2 2 2 2 2 2 2 2 2 1 2 2 2 0 0 
2 2 2 2 1 2 2 2 2 2 2 2 2 2 1 
2 2 2 2 2 2 2 2 2 2 2 2 2 2 0 
2 2 2 2 2 1 2 2 1 0 2 2 2 2 0 
2 2 2 2 1 2 1 2 2 2 2 2 2 2 1 
2 2 2 2 2 0 2 0 2 2 2 2 2 0 1 
2 2 2 2 2 2 2 2 2 2 2 1 2 2 0 
2 2 2 2 2 2 2 1 2 0 2 2 2 2 1 
2 2 2 2 2 2 2 2 2 2 2 1 2 2 1 
2 2 2 2 2 2 0 0 2 2 2 2 2 2 0 
2 2 2 2 2 2 2 2 2 2 2 2 2 2 0 
2 2 2 2 2 2 2 2 2 2 2 2 2 2 0 

2 2 2 2 0 1 1 1 0 0 1 1 1 1 0 
2 2 2 2 1 2 2 0 0 1 1 0 0 0 0 
2 2 2 2 2 2 0 2 2 2 2 1 0 1 1 
2 2 2 2 2 2 2 2 2 1 2 2 2 0 0 
2 2 2 2 1 2 2 2 2 2 2 2 2 2 1 
2 2 2 2 2 2 2 2 2 2 2 2 2 2 0 
2 2 2 2 2 1 2 2 1 0 2 2 2 2 0 
2 2 2 2 1 2 1 2 2 2 2 2 2 2 1 
2 2 2 2 2 0 2 0 2 2 2 2 2 0 1 
2 2 2 2 2 2 2 2 2 2 2 1 2 2 0 
2 2 2 2 2 2 2 1 2 0 2 2 2 2 1 
2 2 2 2 2 2 2 2 2 2 2 1 2 2 1 
2 2 2 2 2 2 0 0 2 2 0 2 2 2 0 
2 2 2 2 2 2 2 2 2 2 2 2 2 2 0 
2 2 2 2 2 2 2 2 2 2 2 2 2 2 0 

2 2 2 2 0 1 1 1 0 0 1 1 1 1 0 
2 2 2 2 1 2 2 0 0 1 1 0 0 0 0 
2 2 2 2 2 2 0 2 2 2 2 1 0 1 1 
2 2 2 2 2 2 2 2 2 1 2 2 2 0 0 
2 2 2 2 1 2 2 2 2 2 2 2 2 2 1 
2 2 2 2 2 2 2 2 2 2 2 2 1 2 0 
2 2 2 2 2 1 2 2 1 0 2 2 2 2 0 
2 2 2 2 1 2 1 2 2 2 2 2 2 2 1 
2 2 2 2 2 0 2 0 2 2 2 2 2 0 1 
2 2 2 2 2 2 2 2 2 2 2 1 2 2 0 
2 2 2 2 2 2 2 1 2 0 2 2 2 2 1 
2 2 2 2 2 2 2 2 2 2 2 1 2 2 1 
2 2 2 2 2 2 0 0 2 2 0 2 2 2 0 
2 2 2 2 2 2 2 2 2 2 2 2 2 2 0 
2 2 2 2 2 2 2 2 2 2 2 2 2 2 0 

2 2 2 2 0 1 1 1 0 0 1 1 1 1 0 
2 2 2 2 1 2 2 0 0 1 1 0 0 0 0 
2 2 2 2 2 2 0 2 2 2 2 1 0 1 1 
2 2 2 2 2 2 2 2 2 1 2 2 2 0 0 
2 2 2 2 1 2 2 2 2 2 2 2 2 2 1 
2 2 2 2 2 2 2 2 2 2 2 0 1 2 0 
2 2 2 2 2 1 2 2 1 0 2 2 2 2 0 
2 2 2 2 1 2 1 2 2 2 2 2 2 2 1 
2 2 2 2 2 0 2 0 2 2 2 2 2 0 1 
2 2 2 2 2 2 2 2 2 2 2 1 2 2 0 
2 2 2 2 2 2 2 1 2 0 2 2 2 2 1 
2 2 2 2 2 2 2 2 2 2 2 1 2 2 1 
2 2 2 2 2 2 0 0 2 2 0 2 2 2 0 
2 2 2 2 2 2 2 2 2 2 2 2 2 2 0 
2 2 2 2 2 2 2 2 2 2 2 2 2 2 0 

2 2 2 2 0 1 1 1 0 0 1 1 1 1 0 
2 2 2 2 1 2 2 0 0 1 1 0 0 0 0 
2 2 2 2 2 2 0 2 2 2 2 1 0 1 1 
2 2 2 2 2 2 2 2 2 1 2 2 2 0 0 
2 2 2 2 1 2 2 2 2 2 2 2 2 2 1 
2 2 2 2 2 2 2 2 1 2 2 0 1 2 0 
2 2 2 2 2 1 2 2 1 0 2 2 2 2 0 
2 2 2 2 1 2 1 2 2 2 2 2 2 2 1 
2 2 2 2 2 0 2 0 2 2 2 2 2 0 1 
2 2 2 2 2 2 2 2 2 2 2 1 2 2 0 
2 2 2 2 2 2 2 1 2 0 2 2 2 2 1 
2 2 2 2 2 2 2 2 2 2 2 1 2 2 1 
2 2 2 2 2 2 0 0 2 2 0 2 2 2 0 
2 2 2 2 2 2 2 2 2 2 2 2 2 2 0 
2 2 2 2 2 2 2 2 2 2 2 2 2 2 0 

2 2 2 2 0 1 1 1 0 0 1 1 1 1 0 
2 2 2 2 1 2 2 0 0 1 1 0 0 0 0 
2 2 2 2 2 2 0 2 2 2 2 1 0 1 1 
2 2 2 2 2 2 2 2 2 1 2 2 2 0 0 
2 2 2 2 1 2 2 2 2 2 2 2 2 2 1 
2 2 2 2 2 2 2 2 1 2 2 0 1 2 0 
2 2 2 2 2 1 2 2 1 0 2 2 2 2 0 
2 2 2 2 1 2 1 2 2 2 2 2 2 2 1 
2 2 2 2 2 0 2 0 2 0 2 2 2 0 1 
2 2 2 2 2 2 2 2 2 2 2 1 2 2 0 
2 2 2 2 2 2 2 1 2 0 2 2 2 2 1 
2 2 2 2 2 2 2 2 2 2 2 1 2 2 1 
2 2 2 2 2 2 0 0 2 2 0 2 2 2 0 
2 2 2 2 2 2 2 2 2 2 2 2 2 2 0 
2 2 2 2 2 2 2 2 2 2 2 2 2 2 0 

2 2 2 2 0 1 1 1 0 0 1 1 1 1 0 
2 2 2 2 1 2 2 0 0 1 1 0 0 0 0 
2 2 2 2 2 2 0 2 2 2 1 1 0 1 1 
2 2 2 2 2 2 2 2 2 1 2 2 2 0 0 
2 2 2 2 1 2 2 2 2 2 2 2 2 2 1 
2 2 2 2 2 2 2 2 1 2 2 0 1 2 0 
2 2 2 2 2 1 2 2 1 0 2 2 2 2 0 
2 2 2 2 1 2 1 2 2 2 2 2 2 2 1 
2 2 2 2 2 0 2 0 2 0 2 2 2 0 1 
2 2 2 2 2 2 2 2 2 2 2 1 2 2 0 
2 2 2 2 2 2 2 1 2 0 2 2 2 2 1 
2 2 2 2 2 2 2 2 2 2 2 1 2 2 1 
2 2 2 2 2 2 0 0 2 2 0 2 2 2 0 
2 2 2 2 2 2 2 2 2 2 2 2 2 2 0 
2 2 2 2 2 2 2 2 2 2 2 2 2 2 0 

2 2 2 2 0 1 1 1 0 0 1 1 1 1 0 
2 2 2 2 1 2 2 0 0 1 1 0 0 0 0 
2 2 2 2 2 2 0 2 2 0 1 1 0 1 1 
2 2 2 2 2 2 2 2 2 1 2 2 2 0 0 
2 2 2 2 1 2 2 2 2 2 2 2 2 2 1 
2 2 2 2 2 2 2 2 1 2 2 0 1 2 0 
2 2 2 2 2 1 2 2 1 0 2 2 2 2 0 
2 2 2 2 1 2 1 2 2 2 2 2 2 2 1 
2 2 2 2 2 0 2 0 2 0 2 2 2 0 1 
2 2 2 2 2 2 2 2 2 2 2 1 2 2 0 
2 2 2 2 2 2 2 1 2 0 2 2 2 2 1 
2 2 2 2 2 2 2 2 2 2 2 1 2 2 1 
2 2 2 2 2 2 0 0 2 2 0 2 2 2 0 
2 2 2 2 2 2 2 2 2 2 2 2 2 2 0 
2 2 2 2 2 2 2 2 2 2 2 2 2 2 0 

2 2 2 2 0 1 1 1 0 0 1 1 1 1 0 
2 2 2 2 1 2 2 0 0 1 1 0 0 0 0 
2 2 2 2 2 2 0 2 2 0 1 1 0 1 1 
2 2 2 2 2 2 2 2 2 1 2 2 2 0 0 
2 2 2 2 1 2 2 2 2 2 2 2 2 2 1 
2 2 2 2 2 2 2 2 1 1 2 0 1 2 0 
2 2 2 2 2 1 2 2 1 0 2 2 2 2 0 
2 2 2 2 1 2 1 2 2 2 2 2 2 2 1 
2 2 2 2 2 0 2 0 2 0 2 2 2 0 1 
2 2 2 2 2 2 2 2 2 2 2 1 2 2 0 
2 2 2 2 2 2 2 1 2 0 2 2 2 2 1 
2 2 2 2 2 2 2 2 2 2 2 1 2 2 1 
2 2 2 2 2 2 0 0 2 2 0 2 2 2 0 
2 2 2 2 2 2 2 2 2 2 2 2 2 2 0 
2 2 2 2 2 2 2 2 2 2 2 2 2 2 0 

2 2 2 2 0 1 1 1 0 0 1 1 1 1 0 
2 2 2 2 1 2 2 0 0 1 1 0 0 0 0 
2 2 2 2 2 2 0 2 2 0 1 1 0 1 1 
2 2 2 2 2 2 2 2 0 1 2 2 2 0 0 
2 2 2 2 1 2 2 2 2 2 2 2 2 2 1 
2 2 2 2 2 2 2 2 1 1 2 0 1 2 0 
2 2 2 2 2 1 2 2 1 0 2 2 2 2 0 
2 2 2 2 1 2 1 2 2 2 2 2 2 2 1 
2 2 2 2 2 0 2 0 2 0 2 2 2 0 1 
2 2 2 2 2 2 2 2 2 2 2 1 2 2 0 
2 2 2 2 2 2 2 1 2 0 2 2 2 2 1 
2 2 2 2 2 2 2 2 2 2 2 1 2 2 1 
2 2 2 2 2 2 0 0 2 2 0 2 2 2 0 
2 2 2 2 2 2 2 2 2 2 2 2 2 2 0 
2 2 2 2 2 2 2 2 2 2 2 2 2 2 0 

2 2 2 2 0 1 1 1 0 0 1 1 1 1 0 
2 2 2 2 1 2 2 0 0 1 1 0 0 0 0 
2 2 2 2 2 2 0 1 2 0 1 1 0 1 1 
2 2 2 2 2 2 2 2 0 1 2 2 2 0 0 
2 2 2 2 1 2 2 2 2 2 2 2 2 2 1 
2 2 2 2 2 2 2 2 1 1 2 0 1 2 0 
2 2 2 2 2 1 2 2 1 0 2 2 2 2 0 
2 2 2 2 1 2 1 2 2 2 2 2 2 2 1 
2 2 2 2 2 0 2 0 2 0 2 2 2 0 1 
2 2 2 2 2 2 2 2 2 2 2 1 2 2 0 
2 2 2 2 2 2 2 1 2 0 2 2 2 2 1 
2 2 2 2 2 2 2 2 2 2 2 1 2 2 1 
2 2 2 2 2 2 0 0 2 2 0 2 2 2 0 
2 2 2 2 2 2 2 2 2 2 2 2 2 2 0 
2 2 2 2 2 2 2 2 2 2 2 2 2 2 0 

2 2 2 2 0 1 1 1 0 0 1 1 1 1 0 
2 2 2 2 1 2 2 0 0 1 1 0 0 0 0 
2 2 2 2 2 2 0 1 0 0 1 1 0 1 1 
2 2 2 2 2 2 2 2 0 1 2 2 2 0 0 
2 2 2 2 1 2 2 2 2 2 2 2 2 2 1 
2 2 2 2 2 2 2 2 1 1 2 0 1 2 0 
2 2 2 2 2 1 2 2 1 0 2 2 2 2 0 
2 2 2 2 1 2 1 2 2 2 2 2 2 2 1 
2 2 2 2 2 0 2 0 2 0 2 2 2 0 1 
2 2 2 2 2 2 2 2 2 2 2 1 2 2 0 
2 2 2 2 2 2 2 1 2 0 2 2 2 2 1 
2 2 2 2 2 2 2 2 2 2 2 1 2 2 1 
2 2 2 2 2 2 0 0 2 2 0 2 2 2 0 
2 2 2 2 2 2 2 2 2 2 2 2 2 2 0 
2 2 2 2 2 2 2 2 2 2 2 2 2 2 0 

2 2 2 2 0 1 1 1 0 0 1 1 1 1 0 
2 2 2 2 1 2 2 0 0 1 1 0 0 0 0 
2 2 2 2 2 2 0 1 0 0 1 1 0 1 1 
2 2 2 2 2 2 2 2 0 1 2 2 1 0 0 
2 2 2 2 1 2 2 2 2 2 2 2 2 2 1 
2 2 2 2 2 2 2 2 1 1 2 0 1 2 0 
2 2 2 2 2 1 2 2 1 0 2 2 2 2 0 
2 2 2 2 1 2 1 2 2 2 2 2 2 2 1 
2 2 2 2 2 0 2 0 2 0 2 2 2 0 1 
2 2 2 2 2 2 2 2 2 2 2 1 2 2 0 
2 2 2 2 2 2 2 1 2 0 2 2 2 2 1 
2 2 2 2 2 2 2 2 2 2 2 1 2 2 1 
2 2 2 2 2 2 0 0 2 2 0 2 2 2 0 
2 2 2 2 2 2 2 2 2 2 2 2 2 2 0 
2 2 2 2 2 2 2 2 2 2 2 2 2 2 0 

2 2 2 2 0 1 1 1 0 0 1 1 1 1 0 
2 2 2 2 1 2 2 0 0 1 1 0 0 0 0 
2 2 2 2 2 2 0 1 0 0 1 1 0 1 1 
2 2 2 2 2 2 2 2 0 1 2 0 1 0 0 
2 2 2 2 1 2 2 2 2 2 2 2 2 2 1 
2 2 2 2 2 2 2 2 1 1 2 0 1 2 0 
2 2 2 2 2 1 2 2 1 0 2 2 2 2 0 
2 2 2 2 1 2 1 2 2 2 2 2 2 2 1 
2 2 2 2 2 0 2 0 2 0 2 2 2 0 1 
2 2 2 2 2 2 2 2 2 2 2 1 2 2 0 
2 2 2 2 2 2 2 1 2 0 2 2 2 2 1 
2 2 2 2 2 2 2 2 2 2 2 1 2 2 1 
2 2 2 2 2 2 0 0 2 2 0 2 2 2 0 
2 2 2 2 2 2 2 2 2 2 2 2 2 2 0 
2 2 2 2 2 2 2 2 2 2 2 2 2 2 0 

2 2 2 2 0 1 1 1 0 0 1 1 1 1 0 
2 2 2 2 1 2 2 0 0 1 1 0 0 0 0 
2 2 2 2 2 2 0 1 0 0 1 1 0 1 1 
2 2 2 2 2 2 2 2 0 1 1 0 1 0 0 
2 2 2 2 1 2 2 2 2 2 2 2 2 2 1 
2 2 2 2 2 2 2 2 1 1 2 0 1 2 0 
2 2 2 2 2 1 2 2 1 0 2 2 2 2 0 
2 2 2 2 1 2 1 2 2 2 2 2 2 2 1 
2 2 2 2 2 0 2 0 2 0 2 2 2 0 1 
2 2 2 2 2 2 2 2 2 2 2 1 2 2 0 
2 2 2 2 2 2 2 1 2 0 2 2 2 2 1 
2 2 2 2 2 2 2 2 2 2 2 1 2 2 1 
2 2 2 2 2 2 0 0 2 2 0 2 2 2 0 
2 2 2 2 2 2 2 2 2 2 2 2 2 2 0 
2 2 2 2 2 2 2 2 2 2 2 2 2 2 0 

2 2 2 2 0 1 1 1 0 0 1 1 1 1 0 
2 2 2 2 1 2 2 0 0 1 1 0 0 0 0 
2 2 2 0 2 2 0 1 0 0 1 1 0 1 1 
2 2 2 2 2 2 2 2 0 1 1 0 1 0 0 
2 2 2 2 1 2 2 2 2 2 2 2 2 2 1 
2 2 2 2 2 2 2 2 1 1 2 0 1 2 0 
2 2 2 2 2 1 2 2 1 0 2 2 2 2 0 
2 2 2 2 1 2 1 2 2 2 2 2 2 2 1 
2 2 2 2 2 0 2 0 2 0 2 2 2 0 1 
2 2 2 2 2 2 2 2 2 2 2 1 2 2 0 
2 2 2 2 2 2 2 1 2 0 2 2 2 2 1 
2 2 2 2 2 2 2 2 2 2 2 1 2 2 1 
2 2 2 2 2 2 0 0 2 2 0 2 2 2 0 
2 2 2 2 2 2 2 2 2 2 2 2 2 2 0 
2 2 2 2 2 2 2 2 2 2 2 2 2 2 0 

2 2 2 2 0 1 1 1 0 0 1 1 1 1 0 
2 2 2 2 1 2 2 0 0 1 1 0 0 0 0 
2 2 2 0 2 2 0 1 0 0 1 1 0 1 1 
2 2 2 1 2 2 2 2 0 1 1 0 1 0 0 
2 2 2 2 1 2 2 2 2 2 2 2 2 2 1 
2 2 2 2 2 2 2 2 1 1 2 0 1 2 0 
2 2 2 2 2 1 2 2 1 0 2 2 2 2 0 
2 2 2 2 1 2 1 2 2 2 2 2 2 2 1 
2 2 2 2 2 0 2 0 2 0 2 2 2 0 1 
2 2 2 2 2 2 2 2 2 2 2 1 2 2 0 
2 2 2 2 2 2 2 1 2 0 2 2 2 2 1 
2 2 2 2 2 2 2 2 2 2 2 1 2 2 1 
2 2 2 2 2 2 0 0 2 2 0 2 2 2 0 
2 2 2 2 2 2 2 2 2 2 2 2 2 2 0 
2 2 2 2 2 2 2 2 2 2 2 2 2 2 0 

2 2 2 2 0 1 1 1 0 0 1 1 1 1 0 
2 2 2 2 1 2 2 0 0 1 1 0 0 0 0 
2 2 2 0 2 2 0 1 0 0 1 1 0 1 1 
2 2 2 1 2 2 2 2 0 1 1 0 1 0 0 
2 2 2 2 1 2 2 2 2 2 2 2 2 2 1 
2 2 2 2 2 2 2 0 1 1 2 0 1 2 0 
2 2 2 2 2 1 2 2 1 0 2 2 2 2 0 
2 2 2 2 1 2 1 2 2 2 2 2 2 2 1 
2 2 2 2 2 0 2 0 2 0 2 2 2 0 1 
2 2 2 2 2 2 2 2 2 2 2 1 2 2 0 
2 2 2 2 2 2 2 1 2 0 2 2 2 2 1 
2 2 2 2 2 2 2 2 2 2 2 1 2 2 1 
2 2 2 2 2 2 0 0 2 2 0 2 2 2 0 
2 2 2 2 2 2 2 2 2 2 2 2 2 2 0 
2 2 2 2 2 2 2 2 2 2 2 2 2 2 0 

2 2 2 2 0 1 1 1 0 0 1 1 1 1 0 
2 2 2 2 1 2 2 0 0 1 1 0 0 0 0 
2 2 2 0 2 2 0 1 0 0 1 1 0 1 1 
2 2 2 1 2 2 2 2 0 1 1 0 1 0 0 
2 2 2 2 1 2 2 2 2 2 2 2 2 2 1 
2 1 2 2 2 2 2 0 1 1 2 0 1 2 0 
2 2 2 2 2 1 2 2 1 0 2 2 2 2 0 
2 2 2 2 1 2 1 2 2 2 2 2 2 2 1 
2 2 2 2 2 0 2 0 2 0 2 2 2 0 1 
2 2 2 2 2 2 2 2 2 2 2 1 2 2 0 
2 2 2 2 2 2 2 1 2 0 2 2 2 2 1 
2 2 2 2 2 2 2 2 2 2 2 1 2 2 1 
2 2 2 2 2 2 0 0 2 2 0 2 2 2 0 
2 2 2 2 2 2 2 2 2 2 2 2 2 2 0 
2 2 2 2 2 2 2 2 2 2 2 2 2 2 0 

2 2 2 2 0 1 1 1 0 0 1 1 1 1 0 
2 2 2 2 1 2 2 0 0 1 1 0 0 0 0 
2 2 2 0 2 2 0 1 0 0 1 1 0 1 1 
2 2 2 1 2 2 2 2 0 1 1 0 1 0 0 
2 2 2 2 1 2 2 2 2 2 2 2 2 2 1 
0 1 2 2 2 2 2 0 1 1 2 0 1 2 0 
2 2 2 2 2 1 2 2 1 0 2 2 2 2 0 
2 2 2 2 1 2 1 2 2 2 2 2 2 2 1 
2 2 2 2 2 0 2 0 2 0 2 2 2 0 1 
2 2 2 2 2 2 2 2 2 2 2 1 2 2 0 
2 2 2 2 2 2 2 1 2 0 2 2 2 2 1 
2 2 2 2 2 2 2 2 2 2 2 1 2 2 1 
2 2 2 2 2 2 0 0 2 2 0 2 2 2 0 
2 2 2 2 2 2 2 2 2 2 2 2 2 2 0 
2 2 2 2 2 2 2 2 2 2 2 2 2 2 0 

2 2 2 2 0 1 1 1 0 0 1 1 1 1 0 
2 2 2 2 1 2 2 0 0 1 1 0 0 0 0 
2 1 2 0 2 2 0 1 0 0 1 1 0 1 1 
2 2 2 1 2 2 2 2 0 1 1 0 1 0 0 
2 2 2 2 1 2 2 2 2 2 2 2 2 2 1 
0 1 2 2 2 2 2 0 1 1 2 0 1 2 0 
2 2 2 2 2 1 2 2 1 0 2 2 2 2 0 
2 2 2 2 1 2 1 2 2 2 2 2 2 2 1 
2 2 2 2 2 0 2 0 2 0 2 2 2 0 1 
2 2 2 2 2 2 2 2 2 2 2 1 2 2 0 
2 2 2 2 2 2 2 1 2 0 2 2 2 2 1 
2 2 2 2 2 2 2 2 2 2 2 1 2 2 1 
2 2 2 2 2 2 0 0 2 2 0 2 2 2 0 
2 2 2 2 2 2 2 2 2 2 2 2 2 2 0 
2 2 2 2 2 2 2 2 2 2 2 2 2 2 0 

2 2 2 2 0 1 1 1 0 0 1 1 1 1 0 
2 2 2 2 1 2 2 0 0 1 1 0 0 0 0 
2 1 0 0 2 2 0 1 0 0 1 1 0 1 1 
2 2 2 1 2 2 2 2 0 1 1 0 1 0 0 
2 2 2 2 1 2 2 2 2 2 2 2 2 2 1 
0 1 2 2 2 2 2 0 1 1 2 0 1 2 0 
2 2 2 2 2 1 2 2 1 0 2 2 2 2 0 
2 2 2 2 1 2 1 2 2 2 2 2 2 2 1 
2 2 2 2 2 0 2 0 2 0 2 2 2 0 1 
2 2 2 2 2 2 2 2 2 2 2 1 2 2 0 
2 2 2 2 2 2 2 1 2 0 2 2 2 2 1 
2 2 2 2 2 2 2 2 2 2 2 1 2 2 1 
2 2 2 2 2 2 0 0 2 2 0 2 2 2 0 
2 2 2 2 2 2 2 2 2 2 2 2 2 2 0 
2 2 2 2 2 2 2 2 2 2 2 2 2 2 0 

1 2 2 2 0 1 1 1 0 0 1 1 1 1 0 
2 2 2 2 1 2 2 0 0 1 1 0 0 0 0 
2 1 0 0 2 2 0 1 0 0 1 1 0 1 1 
2 2 2 1 2 2 2 2 0 1 1 0 1 0 0 
2 2 2 2 1 2 2 2 2 2 2 2 2 2 1 
0 1 2 2 2 2 2 0 1 1 2 0 1 2 0 
2 2 2 2 2 1 2 2 1 0 2 2 2 2 0 
2 2 2 2 1 2 1 2 2 2 2 2 2 2 1 
2 2 2 2 2 0 2 0 2 0 2 2 2 0 1 
2 2 2 2 2 2 2 2 2 2 2 1 2 2 0 
2 2 2 2 2 2 2 1 2 0 2 2 2 2 1 
2 2 2 2 2 2 2 2 2 2 2 1 2 2 1 
2 2 2 2 2 2 0 0 2 2 0 2 2 2 0 
2 2 2 2 2 2 2 2 2 2 2 2 2 2 0 
2 2 2 2 2 2 2 2 2 2 2 2 2 2 0 

1 2 2 2 0 1 1 1 0 0 1 1 1 1 0 
2 0 2 2 1 2 2 0 0 1 1 0 0 0 0 
2 1 0 0 2 2 0 1 0 0 1 1 0 1 1 
2 2 2 1 2 2 2 2 0 1 1 0 1 0 0 
2 2 2 2 1 2 2 2 2 2 2 2 2 2 1 
0 1 2 2 2 2 2 0 1 1 2 0 1 2 0 
2 2 2 2 2 1 2 2 1 0 2 2 2 2 0 
2 2 2 2 1 2 1 2 2 2 2 2 2 2 1 
2 2 2 2 2 0 2 0 2 0 2 2 2 0 1 
2 2 2 2 2 2 2 2 2 2 2 1 2 2 0 
2 2 2 2 2 2 2 1 2 0 2 2 2 2 1 
2 2 2 2 2 2 2 2 2 2 2 1 2 2 1 
2 2 2 2 2 2 0 0 2 2 0 2 2 2 0 
2 2 2 2 2 2 2 2 2 2 2 2 2 2 0 
2 2 2 2 2 2 2 2 2 2 2 2 2 2 0 

1 2 2 2 0 1 1 1 0 0 1 1 1 1 0 
2 0 2 2 1 2 2 0 0 1 1 0 0 0 0 
2 1 0 0 2 2 0 1 0 0 1 1 0 1 1 
2 2 2 1 2 2 2 2 0 1 1 0 1 0 0 
2 2 2 2 1 2 2 2 2 2 2 2 2 2 1 
0 1 2 2 2 2 2 0 1 1 1 0 1 2 0 
2 2 2 2 2 1 2 2 1 0 2 2 2 2 0 
2 2 2 2 1 2 1 2 2 2 2 2 2 2 1 
2 2 2 2 2 0 2 0 2 0 2 2 2 0 1 
2 2 2 2 2 2 2 2 2 2 2 1 2 2 0 
2 2 2 2 2 2 2 1 2 0 2 2 2 2 1 
2 2 2 2 2 2 2 2 2 2 2 1 2 2 1 
2 2 2 2 2 2 0 0 2 2 0 2 2 2 0 
2 2 2 2 2 2 2 2 2 2 2 2 2 2 0 
2 2 2 2 2 2 2 2 2 2 2 2 2 2 0 

1 2 2 2 0 1 1 1 0 0 1 1 1 1 0 
2 0 2 2 1 2 2 0 0 1 1 0 0 0 0 
2 1 0 0 2 2 0 1 0 0 1 1 0 1 1 
2 2 2 1 2 2 2 2 0 1 1 0 1 0 0 
2 2 2 2 1 2 2 2 2 2 2 2 2 2 1 
0 1 2 2 2 2 2 0 1 1 1 0 1 0 0 
2 2 2 2 2 1 2 2 1 0 2 2 2 2 0 
2 2 2 2 1 2 1 2 2 2 2 2 2 2 1 
2 2 2 2 2 0 2 0 2 0 2 2 2 0 1 
2 2 2 2 2 2 2 2 2 2 2 1 2 2 0 
2 2 2 2 2 2 2 1 2 0 2 2 2 2 1 
2 2 2 2 2 2 2 2 2 2 2 1 2 2 1 
2 2 2 2 2 2 0 0 2 2 0 2 2 2 0 
2 2 2 2 2 2 2 2 2 2 2 2 2 2 0 
2 2 2 2 2 2 2 2 2 2 2 2 2 2 0 

1 2 2 2 0 1 1 1 0 0 1 1 1 1 0 
2 0 2 2 1 2 2 0 0 1 1 0 0 0 0 
2 1 0 0 2 2 0 1 0 0 1 1 0 1 1 
2 2 2 1 2 2 2 2 0 1 1 0 1 0 0 
2 2 2 2 1 2 2 2 2 2 2 2 2 2 1 
0 1 2 2 2 2 2 0 1 1 1 0 1 0 0 
2 2 2 2 2 1 2 2 1 0 2 2 2 1 0 
2 2 2 2 1 2 1 2 2 2 2 2 2 2 1 
2 2 2 2 2 0 2 0 2 0 2 2 2 0 1 
2 2 2 2 2 2 2 2 2 2 2 1 2 2 0 
2 2 2 2 2 2 2 1 2 0 2 2 2 2 1 
2 2 2 2 2 2 2 2 2 2 2 1 2 2 1 
2 2 2 2 2 2 0 0 2 2 0 2 2 2 0 
2 2 2 2 2 2 2 2 2 2 2 2 2 2 0 
2 2 2 2 2 2 2 2 2 2 2 2 2 2 0 

1 2 2 2 0 1 1 1 0 0 1 1 1 1 0 
2 0 2 2 1 2 2 0 0 1 1 0 0 0 0 
2 1 0 0 2 2 0 1 0 0 1 1 0 1 1 
2 2 2 1 2 2 2 2 0 1 1 0 1 0 0 
2 2 2 2 1 2 2 2 2 2 2 2 2 2 1 
0 1 2 2 2 2 2 0 1 1 1 0 1 0 0 
2 2 2 2 2 1 2 2 1 0 2 2 0 1 0 
2 2 2 2 1 2 1 2 2 2 2 2 2 2 1 
2 2 2 2 2 0 2 0 2 0 2 2 2 0 1 
2 2 2 2 2 2 2 2 2 2 2 1 2 2 0 
2 2 2 2 2 2 2 1 2 0 2 2 2 2 1 
2 2 2 2 2 2 2 2 2 2 2 1 2 2 1 
2 2 2 2 2 2 0 0 2 2 0 2 2 2 0 
2 2 2 2 2 2 2 2 2 2 2 2 2 2 0 
2 2 2 2 2 2 2 2 2 2 2 2 2 2 0 

1 2 2 2 0 1 1 1 0 0 1 1 1 1 0 
2 0 2 2 1 2 2 0 0 1 1 0 0 0 0 
2 1 0 0 2 2 0 1 0 0 1 1 0 1 1 
2 2 2 1 2 2 2 2 0 1 1 0 1 0 0 
2 2 2 2 1 2 2 2 2 2 2 2 2 2 1 
0 1 2 2 2 2 2 0 1 1 1 0 1 0 0 
2 2 2 2 2 1 2 2 1 0 2 1 0 1 0 
2 2 2 2 1 2 1 2 2 2 2 2 2 2 1 
2 2 2 2 2 0 2 0 2 0 2 2 2 0 1 
2 2 2 2 2 2 2 2 2 2 2 1 2 2 0 
2 2 2 2 2 2 2 1 2 0 2 2 2 2 1 
2 2 2 2 2 2 2 2 2 2 2 1 2 2 1 
2 2 2 2 2 2 0 0 2 2 0 2 2 2 0 
2 2 2 2 2 2 2 2 2 2 2 2 2 2 0 
2 2 2 2 2 2 2 2 2 2 2 2 2 2 0 

1 2 2 2 0 1 1 1 0 0 1 1 1 1 0 
2 0 2 2 1 2 2 0 0 1 1 0 0 0 0 
2 1 0 0 2 2 0 1 0 0 1 1 0 1 1 
2 2 2 1 2 2 2 2 0 1 1 0 1 0 0 
2 2 2 2 1 2 2 2 2 2 2 2 2 2 1 
0 1 2 2 2 2 2 0 1 1 1 0 1 0 0 
2 2 2 2 2 1 2 2 1 0 0 1 0 1 0 
2 2 2 2 1 2 1 2 2 2 2 2 2 2 1 
2 2 2 2 2 0 2 0 2 0 2 2 2 0 1 
2 2 2 2 2 2 2 2 2 2 2 1 2 2 0 
2 2 2 2 2 2 2 1 2 0 2 2 2 2 1 
2 2 2 2 2 2 2 2 2 2 2 1 2 2 1 
2 2 2 2 2 2 0 0 2 2 0 2 2 2 0 
2 2 2 2 2 2 2 2 2 2 2 2 2 2 0 
2 2 2 2 2 2 2 2 2 2 2 2 2 2 0 

1 2 2 2 0 1 1 1 0 0 1 1 1 1 0 
2 0 2 2 1 2 2 0 0 1 1 0 0 0 0 
2 1 0 0 2 2 0 1 0 0 1 1 0 1 1 
2 2 2 1 2 2 2 2 0 1 1 0 1 0 0 
2 2 2 2 1 2 2 2 2 2 2 2 2 2 1 
0 1 2 2 2 2 2 0 1 1 1 0 1 0 0 
2 2 2 2 2 1 2 1 1 0 0 1 0 1 0 
2 2 2 2 1 2 1 2 2 2 2 2 2 2 1 
2 2 2 2 2 0 2 0 2 0 2 2 2 0 1 
2 2 2 2 2 2 2 2 2 2 2 1 2 2 0 
2 2 2 2 2 2 2 1 2 0 2 2 2 2 1 
2 2 2 2 2 2 2 2 2 2 2 1 2 2 1 
2 2 2 2 2 2 0 0 2 2 0 2 2 2 0 
2 2 2 2 2 2 2 2 2 2 2 2 2 2 0 
2 2 2 2 2 2 2 2 2 2 2 2 2 2 0 

1 2 2 2 0 1 1 1 0 0 1 1 1 1 0 
2 0 2 2 1 2 2 0 0 1 1 0 0 0 0 
2 1 0 0 2 2 0 1 0 0 1 1 0 1 1 
2 2 2 1 2 2 2 2 0 1 1 0 1 0 0 
2 2 2 2 1 2 2 2 2 2 2 2 2 2 1 
0 1 2 2 2 2 2 0 1 1 1 0 1 0 0 
2 2 2 2 2 1 0 1 1 0 0 1 0 1 0 
2 2 2 2 1 2 1 2 2 2 2 2 2 2 1 
2 2 2 2 2 0 2 0 2 0 2 2 2 0 1 
2 2 2 2 2 2 2 2 2 2 2 1 2 2 0 
2 2 2 2 2 2 2 1 2 0 2 2 2 2 1 
2 2 2 2 2 2 2 2 2 2 2 1 2 2 1 
2 2 2 2 2 2 0 0 2 2 0 2 2 2 0 
2 2 2 2 2 2 2 2 2 2 2 2 2 2 0 
2 2 2 2 2 2 2 2 2 2 2 2 2 2 0 

1 2 2 2 0 1 1 1 0 0 1 1 1 1 0 
2 0 2 2 1 2 2 0 0 1 1 0 0 0 0 
2 1 0 0 2 2 0 1 0 0 1 1 0 1 1 
2 2 2 1 2 2 2 2 0 1 1 0 1 0 0 
2 2 2 2 1 2 2 2 2 2 2 2 2 2 1 
0 1 2 2 2 2 2 0 1 1 1 0 1 0 0 
2 2 2 2 2 1 0 1 1 0 0 1 0 1 0 
2 2 2 1 1 2 1 2 2 2 2 2 2 2 1 
2 2 2 2 2 0 2 0 2 0 2 2 2 0 1 
2 2 2 2 2 2 2 2 2 2 2 1 2 2 0 
2 2 2 2 2 2 2 1 2 0 2 2 2 2 1 
2 2 2 2 2 2 2 2 2 2 2 1 2 2 1 
2 2 2 2 2 2 0 0 2 2 0 2 2 2 0 
2 2 2 2 2 2 2 2 2 2 2 2 2 2 0 
2 2 2 2 2 2 2 2 2 2 2 2 2 2 0 

1 2 2 2 0 1 1 1 0 0 1 1 1 1 0 
2 0 2 2 1 2 2 0 0 1 1 0 0 0 0 
2 1 0 0 2 2 0 1 0 0 1 1 0 1 1 
2 2 2 1 2 2 2 2 0 1 1 0 1 0 0 
2 2 2 2 1 2 2 2 2 2 2 2 2 2 1 
0 1 2 2 2 2 2 0 1 1 1 0 1 0 0 
2 2 2 2 2 1 0 1 1 0 0 1 0 1 0 
2 2 0 1 1 2 1 2 2 2 2 2 2 2 1 
2 2 2 2 2 0 2 0 2 0 2 2 2 0 1 
2 2 2 2 2 2 2 2 2 2 2 1 2 2 0 
2 2 2 2 2 2 2 1 2 0 2 2 2 2 1 
2 2 2 2 2 2 2 2 2 2 2 1 2 2 1 
2 2 2 2 2 2 0 0 2 2 0 2 2 2 0 
2 2 2 2 2 2 2 2 2 2 2 2 2 2 0 
2 2 2 2 2 2 2 2 2 2 2 2 2 2 0 

1 2 2 2 0 1 1 1 0 0 1 1 1 1 0 
2 0 2 2 1 2 2 0 0 1 1 0 0 0 0 
2 1 0 0 2 2 0 1 0 0 1 1 0 1 1 
2 2 2 1 2 2 2 2 0 1 1 0 1 0 0 
2 2 2 2 1 2 2 2 2 2 2 2 2 2 1 
0 1 2 2 2 2 2 0 1 1 1 0 1 0 0 
2 2 2 2 2 1 0 1 1 0 0 1 0 1 0 
2 1 0 1 1 2 1 2 2 2 2 2 2 2 1 
2 2 2 2 2 0 2 0 2 0 2 2 2 0 1 
2 2 2 2 2 2 2 2 2 2 2 1 2 2 0 
2 2 2 2 2 2 2 1 2 0 2 2 2 2 1 
2 2 2 2 2 2 2 2 2 2 2 1 2 2 1 
2 2 2 2 2 2 0 0 2 2 0 2 2 2 0 
2 2 2 2 2 2 2 2 2 2 2 2 2 2 0 
2 2 2 2 2 2 2 2 2 2 2 2 2 2 0 

1 2 2 2 0 1 1 1 0 0 1 1 1 1 0 
2 0 2 2 1 2 2 0 0 1 1 0 0 0 0 
2 1 0 0 2 2 0 1 0 0 1 1 0 1 1 
2 2 2 1 2 2 2 2 0 1 1 0 1 0 0 
2 2 2 2 1 2 2 2 2 2 2 2 2 2 1 
0 1 2 2 2 2 2 0 1 1 1 0 1 0 0 
2 2 2 2 2 1 0 1 1 0 0 1 0 1 0 
0 1 0 1 1 2 1 2 2 2 2 2 2 2 1 
2 2 2 2 2 0 2 0 2 0 2 2 2 0 1 
2 2 2 2 2 2 2 2 2 2 2 1 2 2 0 
2 2 2 2 2 2 2 1 2 0 2 2 2 2 1 
2 2 2 2 2 2 2 2 2 2 2 1 2 2 1 
2 2 2 2 2 2 0 0 2 2 0 2 2 2 0 
2 2 2 2 2 2 2 2 2 2 2 2 2 2 0 
2 2 2 2 2 2 2 2 2 2 2 2 2 2 0 

1 2 2 2 0 1 1 1 0 0 1 1 1 1 0 
2 0 2 2 1 2 2 0 0 1 1 0 0 0 0 
2 1 0 0 2 2 0 1 0 0 1 1 0 1 1 
2 2 2 1 2 2 2 2 0 1 1 0 1 0 0 
2 2 2 2 1 2 2 2 2 2 2 2 2 2 1 
0 1 2 2 2 2 2 0 1 1 1 0 1 0 0 
2 2 2 2 2 1 0 1 1 0 0 1 0 1 0 
0 1 0 1 1 2 1 2 2 2 2 2 2 2 1 
2 2 2 2 2 0 2 0 2 0 2 2 1 0 1 
2 2 2 2 2 2 2 2 2 2 2 1 2 2 0 
2 2 2 2 2 2 2 1 2 0 2 2 2 2 1 
2 2 2 2 2 2 2 2 2 2 2 1 2 2 1 
2 2 2 2 2 2 0 0 2 2 0 2 2 2 0 
2 2 2 2 2 2 2 2 2 2 2 2 2 2 0 
2 2 2 2 2 2 2 2 2 2 2 2 2 2 0 

1 2 2 2 0 1 1 1 0 0 1 1 1 1 0 
2 0 2 2 1 2 2 0 0 1 1 0 0 0 0 
2 1 0 0 2 2 0 1 0 0 1 1 0 1 1 
2 2 2 1 2 2 2 2 0 1 1 0 1 0 0 
2 2 2 2 1 2 2 2 2 2 2 2 2 2 1 
0 1 2 2 2 2 2 0 1 1 1 0 1 0 0 
2 2 2 2 2 1 0 1 1 0 0 1 0 1 0 
0 1 0 1 1 2 1 2 2 2 2 2 2 2 1 
2 2 2 2 2 0 2 0 0 0 2 2 1 0 1 
2 2 2 2 2 2 2 2 2 2 2 1 2 2 0 
2 2 2 2 2 2 2 1 2 0 2 2 2 2 1 
2 2 2 2 2 2 2 2 2 2 2 1 2 2 1 
2 2 2 2 2 2 0 0 2 2 0 2 2 2 0 
2 2 2 2 2 2 2 2 2 2 2 2 2 2 0 
2 2 2 2 2 2 2 2 2 2 2 2 2 2 0 

1 2 2 2 0 1 1 1 0 0 1 1 1 1 0 
2 0 2 2 1 2 2 0 0 1 1 0 0 0 0 
2 1 0 0 2 2 0 1 0 0 1 1 0 1 1 
2 2 2 1 2 2 2 2 0 1 1 0 1 0 0 
2 2 2 2 1 2 2 2 2 2 2 2 2 2 1 
0 1 2 2 2 2 2 0 1 1 1 0 1 0 0 
2 2 2 2 2 1 0 1 1 0 0 1 0 1 0 
0 1 0 1 1 2 1 2 2 2 2 2 2 2 1 
2 2 2 2 2 0 2 0 0 0 2 2 1 0 1 
2 2 2 2 2 2 2 2 2 2 2 1 2 2 0 
2 2 2 2 2 2 2 1 2 0 2 2 2 2 1 
2 2 2 2 2 2 2 2 2 2 2 1 2 2 1 
2 2 2 2 2 2 0 0 2 2 0 2 2 2 0 
2 2 2 2 2 2 2 2 2 2 2 2 2 2 0 
2 2 2 2 2 2 1 2 2 2 2 2 2 2 0 

0 0 0 0 0 0 0 0 0 0 0 0 0 0 0 
0 0 0 0 0 0 0 0 0 0 0 0 0 0 0 
0 0 0 0 0 0 0 0 0 0 0 0 0 0 0 
0 0 0 0 0 0 0 0 0 0 0 0 0 0 0 
0 0 0 0 0 0 0 0 0 0 0 0 0 0 0 
0 0 0 0 0 0 0 0 0 0 0 0 0 0 0 
0 0 0 0 0 0 0 0 0 0 0 0 0 0 0 
0 0 0 0 0 0 0 0 0 0 0 0 0 0 0 
0 0 0 0 0 0 0 0 0 0 0 0 0 0 0 
0 0 0 0 0 0 0 0 0 0 0 0 0 0 0 
0 0 0 0 0 0 0 0 0 0 0 0 0 0 0 
0 0 0 0 0 0 0 0 0 0 0 0 0 0 0 
0 0 0 0 0 0 0 0 0 0 0 0 0 0 0 
0 0 0 0 0 0 0 0 0 0 0 0 0 0 0 
0 0 0 0 0 0 0 0 0 0 0 0 0 0 0 

